62
4 0 1 499 498 
4 1 3 497 496 
4 3 5 495 494 
4 5 7 493 492 
4 7 9 491 490 
4 9 11 489 488 
4 11 13 487 486 
4 13 15 485 484 
4 15 17 483 482 
4 17 19 481 480 
4 19 21 479 478 
4 21 23 477 476 
4 23 25 475 474 
4 25 27 473 472 
4 27 29 471 470 
4 29 31 469 468 
4 31 33 467 466 
4 33 35 465 464 
4 35 37 463 462 
4 37 39 461 460 
4 39 41 459 458 
4 41 43 457 456 
4 43 45 455 454 
4 45 47 453 452 
4 47 49 451 450 
4 49 51 449 448 
4 51 53 447 446 
4 53 55 445 444 
4 55 57 443 442 
4 57 59 441 440 
4 59 61 439 438 
4 61 63 437 436 
4 63 65 435 434 
4 65 67 433 432 
4 67 69 431 430 
4 69 71 429 428 
4 71 73 427 426 
4 73 75 425 424 
4 75 77 423 422 
4 77 79 421 420 
4 79 81 419 418 
4 81 83 417 416 
4 83 85 415 414 
4 85 87 413 412 
4 87 89 411 410 
4 89 91 409 408 
4 91 93 407 406 
4 93 95 405 404 
4 95 97 403 402 
4 97 99 401 400 
4 99 101 399 398 
4 101 103 397 396 
4 103 105 395 394 
4 105 107 393 392 
4 107 109 391 390 
4 109 111 389 388 
4 111 113 387 386 
4 113 115 385 384 
4 115 117 383 382 
4 117 119 381 380 
3 119 121 379 
2 121 378 
