587
4 0 1 9999 9998 
4 1 3 9997 9996 
4 3 5 9995 9994 
4 5 7 9993 9992 
4 7 9 9991 9990 
4 9 11 9989 9988 
4 11 13 9987 9986 
4 13 15 9985 9984 
4 15 17 9983 9982 
4 17 19 9981 9980 
4 19 21 9979 9978 
4 21 23 9977 9976 
4 23 25 9975 9974 
4 25 27 9973 9972 
4 27 29 9971 9970 
4 29 31 9969 9968 
4 31 33 9967 9966 
4 33 35 9965 9964 
4 35 37 9963 9962 
4 37 39 9961 9960 
4 39 41 9959 9958 
4 41 43 9957 9956 
4 43 45 9955 9954 
4 45 47 9953 9952 
4 47 49 9951 9950 
4 49 51 9949 9948 
4 51 53 9947 9946 
4 53 55 9945 9944 
4 55 57 9943 9942 
4 57 59 9941 9940 
4 59 61 9939 9938 
4 61 63 9937 9936 
4 63 65 9935 9934 
4 65 67 9933 9932 
4 67 69 9931 9930 
4 69 71 9929 9928 
4 71 73 9927 9926 
4 73 75 9925 9924 
4 75 77 9923 9922 
4 77 79 9921 9920 
4 79 81 9919 9918 
4 81 83 9917 9916 
4 83 85 9915 9914 
4 85 87 9913 9912 
4 87 89 9911 9910 
4 89 91 9909 9908 
4 91 93 9907 9906 
4 93 95 9905 9904 
4 95 97 9903 9902 
4 97 99 9901 9900 
4 99 101 9899 9898 
4 101 103 9897 9896 
4 103 105 9895 9894 
4 105 107 9893 9892 
4 107 109 9891 9890 
4 109 111 9889 9888 
4 111 113 9887 9886 
4 113 115 9885 9884 
4 115 117 9883 9882 
4 117 119 9881 9880 
4 119 121 9879 9878 
4 121 123 9877 9876 
4 123 125 9875 9874 
4 125 127 9873 9872 
4 127 129 9871 9870 
4 129 131 9869 9868 
4 131 133 9867 9866 
4 133 135 9865 9864 
4 135 137 9863 9862 
4 137 139 9861 9860 
4 139 141 9859 9858 
4 141 143 9857 9856 
4 143 145 9855 9854 
4 145 147 9853 9852 
4 147 149 9851 9850 
4 149 151 9849 9848 
4 151 153 9847 9846 
4 153 155 9845 9844 
4 155 157 9843 9842 
4 157 159 9841 9840 
4 159 161 9839 9838 
4 161 163 9837 9836 
4 163 165 9835 9834 
4 165 167 9833 9832 
4 167 169 9831 9830 
4 169 171 9829 9828 
4 171 173 9827 9826 
4 173 175 9825 9824 
4 175 177 9823 9822 
4 177 179 9821 9820 
4 179 181 9819 9818 
4 181 183 9817 9816 
4 183 185 9815 9814 
4 185 187 9813 9812 
4 187 189 9811 9810 
4 189 191 9809 9808 
4 191 193 9807 9806 
4 193 195 9805 9804 
4 195 197 9803 9802 
4 197 199 9801 9800 
4 199 201 9799 9798 
4 201 203 9797 9796 
4 203 205 9795 9794 
4 205 207 9793 9792 
4 207 209 9791 9790 
4 209 211 9789 9788 
4 211 213 9787 9786 
4 213 215 9785 9784 
4 215 217 9783 9782 
4 217 219 9781 9780 
4 219 221 9779 9778 
4 221 223 9777 9776 
4 223 225 9775 9774 
4 225 227 9773 9772 
4 227 229 9771 9770 
4 229 231 9769 9768 
4 231 233 9767 9766 
4 233 235 9765 9764 
4 235 237 9763 9762 
4 237 239 9761 9760 
4 239 241 9759 9758 
4 241 243 9757 9756 
4 243 245 9755 9754 
4 245 247 9753 9752 
4 247 249 9751 9750 
4 249 251 9749 9748 
4 251 253 9747 9746 
4 253 255 9745 9744 
4 255 257 9743 9742 
4 257 259 9741 9740 
4 259 261 9739 9738 
4 261 263 9737 9736 
4 263 265 9735 9734 
4 265 267 9733 9732 
4 267 269 9731 9730 
4 269 271 9729 9728 
4 271 273 9727 9726 
4 273 275 9725 9724 
4 275 277 9723 9722 
4 277 279 9721 9720 
4 279 281 9719 9718 
4 281 283 9717 9716 
4 283 285 9715 9714 
4 285 287 9713 9712 
4 287 289 9711 9710 
4 289 291 9709 9708 
4 291 293 9707 9706 
4 293 295 9705 9704 
4 295 297 9703 9702 
4 297 299 9701 9700 
4 299 301 9699 9698 
4 301 303 9697 9696 
4 303 305 9695 9694 
4 305 307 9693 9692 
4 307 309 9691 9690 
4 309 311 9689 9688 
4 311 313 9687 9686 
4 313 315 9685 9684 
4 315 317 9683 9682 
4 317 319 9681 9680 
4 319 321 9679 9678 
4 321 323 9677 9676 
4 323 325 9675 9674 
4 325 327 9673 9672 
4 327 329 9671 9670 
4 329 331 9669 9668 
4 331 333 9667 9666 
4 333 335 9665 9664 
4 335 337 9663 9662 
4 337 339 9661 9660 
4 339 341 9659 9658 
4 341 343 9657 9656 
4 343 345 9655 9654 
4 345 347 9653 9652 
4 347 349 9651 9650 
4 349 351 9649 9648 
4 351 353 9647 9646 
4 353 355 9645 9644 
4 355 357 9643 9642 
4 357 359 9641 9640 
4 359 361 9639 9638 
4 361 363 9637 9636 
4 363 365 9635 9634 
4 365 367 9633 9632 
4 367 369 9631 9630 
4 369 371 9629 9628 
4 371 373 9627 9626 
4 373 375 9625 9624 
4 375 377 9623 9622 
4 377 379 9621 9620 
4 379 381 9619 9618 
4 381 383 9617 9616 
4 383 385 9615 9614 
4 385 387 9613 9612 
4 387 389 9611 9610 
4 389 391 9609 9608 
4 391 393 9607 9606 
4 393 395 9605 9604 
4 395 397 9603 9602 
4 397 399 9601 9600 
4 399 401 9599 9598 
4 401 403 9597 9596 
4 403 405 9595 9594 
4 405 407 9593 9592 
4 407 409 9591 9590 
4 409 411 9589 9588 
4 411 413 9587 9586 
4 413 415 9585 9584 
4 415 417 9583 9582 
4 417 419 9581 9580 
4 419 421 9579 9578 
4 421 423 9577 9576 
4 423 425 9575 9574 
4 425 427 9573 9572 
4 427 429 9571 9570 
4 429 431 9569 9568 
4 431 433 9567 9566 
4 433 435 9565 9564 
4 435 437 9563 9562 
4 437 439 9561 9560 
4 439 441 9559 9558 
4 441 443 9557 9556 
4 443 445 9555 9554 
4 445 447 9553 9552 
4 447 449 9551 9550 
4 449 451 9549 9548 
4 451 453 9547 9546 
4 453 455 9545 9544 
4 455 457 9543 9542 
4 457 459 9541 9540 
4 459 461 9539 9538 
4 461 463 9537 9536 
4 463 465 9535 9534 
4 465 467 9533 9532 
4 467 469 9531 9530 
4 469 471 9529 9528 
4 471 473 9527 9526 
4 473 475 9525 9524 
4 475 477 9523 9522 
4 477 479 9521 9520 
4 479 481 9519 9518 
4 481 483 9517 9516 
4 483 485 9515 9514 
4 485 487 9513 9512 
4 487 489 9511 9510 
4 489 491 9509 9508 
4 491 493 9507 9506 
4 493 495 9505 9504 
4 495 497 9503 9502 
4 497 499 9501 9500 
4 499 501 9499 9498 
4 501 503 9497 9496 
4 503 505 9495 9494 
4 505 507 9493 9492 
4 507 509 9491 9490 
4 509 511 9489 9488 
4 511 513 9487 9486 
4 513 515 9485 9484 
4 515 517 9483 9482 
4 517 519 9481 9480 
4 519 521 9479 9478 
4 521 523 9477 9476 
4 523 525 9475 9474 
4 525 527 9473 9472 
4 527 529 9471 9470 
4 529 531 9469 9468 
4 531 533 9467 9466 
4 533 535 9465 9464 
4 535 537 9463 9462 
4 537 539 9461 9460 
4 539 541 9459 9458 
4 541 543 9457 9456 
4 543 545 9455 9454 
4 545 547 9453 9452 
4 547 549 9451 9450 
4 549 551 9449 9448 
4 551 553 9447 9446 
4 553 555 9445 9444 
4 555 557 9443 9442 
4 557 559 9441 9440 
4 559 561 9439 9438 
4 561 563 9437 9436 
4 563 565 9435 9434 
4 565 567 9433 9432 
4 567 569 9431 9430 
4 569 571 9429 9428 
4 571 573 9427 9426 
4 573 575 9425 9424 
4 575 577 9423 9422 
4 577 579 9421 9420 
4 579 581 9419 9418 
4 581 583 9417 9416 
4 583 585 9415 9414 
4 585 587 9413 9412 
4 587 589 9411 9410 
4 589 591 9409 9408 
4 591 593 9407 9406 
4 593 595 9405 9404 
4 595 597 9403 9402 
4 597 599 9401 9400 
4 599 601 9399 9398 
4 601 603 9397 9396 
4 603 605 9395 9394 
4 605 607 9393 9392 
4 607 609 9391 9390 
4 609 611 9389 9388 
4 611 613 9387 9386 
4 613 615 9385 9384 
4 615 617 9383 9382 
4 617 619 9381 9380 
4 619 621 9379 9378 
4 621 623 9377 9376 
4 623 625 9375 9374 
4 625 627 9373 9372 
4 627 629 9371 9370 
4 629 631 9369 9368 
4 631 633 9367 9366 
4 633 635 9365 9364 
4 635 637 9363 9362 
4 637 639 9361 9360 
4 639 641 9359 9358 
4 641 643 9357 9356 
4 643 645 9355 9354 
4 645 647 9353 9352 
4 647 649 9351 9350 
4 649 651 9349 9348 
4 651 653 9347 9346 
4 653 655 9345 9344 
4 655 657 9343 9342 
4 657 659 9341 9340 
4 659 661 9339 9338 
4 661 663 9337 9336 
4 663 665 9335 9334 
4 665 667 9333 9332 
4 667 669 9331 9330 
4 669 671 9329 9328 
4 671 673 9327 9326 
4 673 675 9325 9324 
4 675 677 9323 9322 
4 677 679 9321 9320 
4 679 681 9319 9318 
4 681 683 9317 9316 
4 683 685 9315 9314 
4 685 687 9313 9312 
4 687 689 9311 9310 
4 689 691 9309 9308 
4 691 693 9307 9306 
4 693 695 9305 9304 
4 695 697 9303 9302 
4 697 699 9301 9300 
4 699 701 9299 9298 
4 701 703 9297 9296 
4 703 705 9295 9294 
4 705 707 9293 9292 
4 707 709 9291 9290 
4 709 711 9289 9288 
4 711 713 9287 9286 
4 713 715 9285 9284 
4 715 717 9283 9282 
4 717 719 9281 9280 
4 719 721 9279 9278 
4 721 723 9277 9276 
4 723 725 9275 9274 
4 725 727 9273 9272 
4 727 729 9271 9270 
4 729 731 9269 9268 
4 731 733 9267 9266 
4 733 735 9265 9264 
4 735 737 9263 9262 
4 737 739 9261 9260 
4 739 741 9259 9258 
4 741 743 9257 9256 
4 743 745 9255 9254 
4 745 747 9253 9252 
4 747 749 9251 9250 
4 749 751 9249 9248 
4 751 753 9247 9246 
4 753 755 9245 9244 
4 755 757 9243 9242 
4 757 759 9241 9240 
4 759 761 9239 9238 
4 761 763 9237 9236 
4 763 765 9235 9234 
4 765 767 9233 9232 
4 767 769 9231 9230 
4 769 771 9229 9228 
4 771 773 9227 9226 
4 773 775 9225 9224 
4 775 777 9223 9222 
4 777 779 9221 9220 
4 779 781 9219 9218 
4 781 783 9217 9216 
4 783 785 9215 9214 
4 785 787 9213 9212 
4 787 789 9211 9210 
4 789 791 9209 9208 
4 791 793 9207 9206 
4 793 795 9205 9204 
4 795 797 9203 9202 
4 797 799 9201 9200 
4 799 801 9199 9198 
4 801 803 9197 9196 
4 803 805 9195 9194 
4 805 807 9193 9192 
4 807 809 9191 9190 
4 809 811 9189 9188 
4 811 813 9187 9186 
4 813 815 9185 9184 
4 815 817 9183 9182 
4 817 819 9181 9180 
4 819 821 9179 9178 
4 821 823 9177 9176 
4 823 825 9175 9174 
4 825 827 9173 9172 
4 827 829 9171 9170 
4 829 831 9169 9168 
4 831 833 9167 9166 
4 833 835 9165 9164 
4 835 837 9163 9162 
4 837 839 9161 9160 
4 839 841 9159 9158 
4 841 843 9157 9156 
4 843 845 9155 9154 
4 845 847 9153 9152 
4 847 849 9151 9150 
4 849 851 9149 9148 
4 851 853 9147 9146 
4 853 855 9145 9144 
4 855 857 9143 9142 
4 857 859 9141 9140 
4 859 861 9139 9138 
4 861 863 9137 9136 
4 863 865 9135 9134 
4 865 867 9133 9132 
4 867 869 9131 9130 
4 869 871 9129 9128 
4 871 873 9127 9126 
4 873 875 9125 9124 
4 875 877 9123 9122 
4 877 879 9121 9120 
4 879 881 9119 9118 
4 881 883 9117 9116 
4 883 885 9115 9114 
4 885 887 9113 9112 
4 887 889 9111 9110 
4 889 891 9109 9108 
4 891 893 9107 9106 
4 893 895 9105 9104 
4 895 897 9103 9102 
4 897 899 9101 9100 
4 899 901 9099 9098 
4 901 903 9097 9096 
4 903 905 9095 9094 
4 905 907 9093 9092 
4 907 909 9091 9090 
4 909 911 9089 9088 
4 911 913 9087 9086 
4 913 915 9085 9084 
4 915 917 9083 9082 
4 917 919 9081 9080 
4 919 921 9079 9078 
4 921 923 9077 9076 
4 923 925 9075 9074 
4 925 927 9073 9072 
4 927 929 9071 9070 
4 929 931 9069 9068 
4 931 933 9067 9066 
4 933 935 9065 9064 
4 935 937 9063 9062 
4 937 939 9061 9060 
4 939 941 9059 9058 
4 941 943 9057 9056 
4 943 945 9055 9054 
4 945 947 9053 9052 
4 947 949 9051 9050 
4 949 951 9049 9048 
4 951 953 9047 9046 
4 953 955 9045 9044 
4 955 957 9043 9042 
4 957 959 9041 9040 
4 959 961 9039 9038 
4 961 963 9037 9036 
4 963 965 9035 9034 
4 965 967 9033 9032 
4 967 969 9031 9030 
4 969 971 9029 9028 
4 971 973 9027 9026 
4 973 975 9025 9024 
4 975 977 9023 9022 
4 977 979 9021 9020 
4 979 981 9019 9018 
4 981 983 9017 9016 
4 983 985 9015 9014 
4 985 987 9013 9012 
4 987 989 9011 9010 
4 989 991 9009 9008 
4 991 993 9007 9006 
4 993 995 9005 9004 
4 995 997 9003 9002 
4 997 999 9001 9000 
4 999 1001 8999 8998 
4 1001 1003 8997 8996 
4 1003 1005 8995 8994 
4 1005 1007 8993 8992 
4 1007 1009 8991 8990 
4 1009 1011 8989 8988 
4 1011 1013 8987 8986 
4 1013 1015 8985 8984 
4 1015 1017 8983 8982 
4 1017 1019 8981 8980 
4 1019 1021 8979 8978 
4 1021 1023 8977 8976 
4 1023 1025 8975 8974 
4 1025 1027 8973 8972 
4 1027 1029 8971 8970 
4 1029 1031 8969 8968 
4 1031 1033 8967 8966 
4 1033 1035 8965 8964 
4 1035 1037 8963 8962 
4 1037 1039 8961 8960 
4 1039 1041 8959 8958 
4 1041 1043 8957 8956 
4 1043 1045 8955 8954 
4 1045 1047 8953 8952 
4 1047 1049 8951 8950 
4 1049 1051 8949 8948 
4 1051 1053 8947 8946 
4 1053 1055 8945 8944 
4 1055 1057 8943 8942 
4 1057 1059 8941 8940 
4 1059 1061 8939 8938 
4 1061 1063 8937 8936 
4 1063 1065 8935 8934 
4 1065 1067 8933 8932 
4 1067 1069 8931 8930 
4 1069 1071 8929 8928 
4 1071 1073 8927 8926 
4 1073 1075 8925 8924 
4 1075 1077 8923 8922 
4 1077 1079 8921 8920 
4 1079 1081 8919 8918 
4 1081 1083 8917 8916 
4 1083 1085 8915 8914 
4 1085 1087 8913 8912 
4 1087 1089 8911 8910 
4 1089 1091 8909 8908 
4 1091 1093 8907 8906 
4 1093 1095 8905 8904 
4 1095 1097 8903 8902 
4 1097 1099 8901 8900 
4 1099 1101 8899 8898 
4 1101 1103 8897 8896 
4 1103 1105 8895 8894 
4 1105 1107 8893 8892 
4 1107 1109 8891 8890 
4 1109 1111 8889 8888 
4 1111 1113 8887 8886 
4 1113 1115 8885 8884 
4 1115 1117 8883 8882 
4 1117 1119 8881 8880 
4 1119 1121 8879 8878 
4 1121 1123 8877 8876 
4 1123 1125 8875 8874 
4 1125 1127 8873 8872 
4 1127 1129 8871 8870 
4 1129 1131 8869 8868 
4 1131 1133 8867 8866 
4 1133 1135 8865 8864 
4 1135 1137 8863 8862 
4 1137 1139 8861 8860 
4 1139 1141 8859 8858 
4 1141 1143 8857 8856 
4 1143 1145 8855 8854 
4 1145 1147 8853 8852 
4 1147 1149 8851 8850 
4 1149 1151 8849 8848 
4 1151 1153 8847 8846 
4 1153 1155 8845 8844 
4 1155 1157 8843 8842 
4 1157 1159 8841 8840 
4 1159 1161 8839 8838 
4 1161 1163 8837 8836 
4 1163 1165 8835 8834 
4 1165 1167 8833 8832 
4 1167 1169 8831 8830 
3 1169 1171 8829 
2 1171 8828 
