2744
4 0 1 99999 99998 
4 1 2 99996 99995 
4 2 3 99993 99992 
4 3 4 99990 99989 
4 4 5 99987 99986 
4 5 6 99984 99983 
4 6 7 99981 99980 
4 7 8 99978 99977 
4 8 9 99975 99974 
4 9 10 99972 99971 
4 10 11 99969 99968 
4 11 12 99966 99965 
4 12 13 99963 99962 
4 13 14 99960 99959 
4 14 15 99957 99956 
4 15 16 99954 99953 
4 16 17 99951 99950 
4 17 18 99948 99947 
4 18 19 99945 99944 
4 19 20 99942 99941 
4 20 21 99939 99938 
4 21 22 99936 99935 
4 22 23 99933 99932 
4 23 24 99930 99929 
4 24 25 99927 99926 
4 25 26 99924 99923 
4 26 27 99921 99920 
4 27 28 99918 99917 
4 28 29 99915 99914 
4 29 30 99912 99911 
4 30 31 99909 99908 
4 31 32 99906 99905 
4 32 33 99903 99902 
4 33 34 99900 99899 
4 34 35 99897 99896 
4 35 36 99894 99893 
4 36 37 99891 99890 
4 37 38 99888 99887 
4 38 39 99885 99884 
4 39 40 99882 99881 
4 40 41 99879 99878 
4 41 42 99876 99875 
4 42 43 99873 99872 
4 43 44 99870 99869 
4 44 45 99867 99866 
4 45 46 99864 99863 
4 46 47 99861 99860 
4 47 48 99858 99857 
4 48 49 99855 99854 
4 49 50 99852 99851 
4 50 51 99849 99848 
4 51 52 99846 99845 
4 52 53 99843 99842 
4 53 54 99840 99839 
4 54 55 99837 99836 
4 55 56 99834 99833 
4 56 57 99831 99830 
4 57 58 99828 99827 
4 58 59 99825 99824 
4 59 60 99822 99821 
4 60 61 99819 99818 
4 61 62 99816 99815 
4 62 63 99813 99812 
4 63 64 99810 99809 
4 64 65 99807 99806 
4 65 66 99804 99803 
4 66 67 99801 99800 
4 67 68 99798 99797 
4 68 69 99795 99794 
4 69 70 99792 99791 
4 70 71 99789 99788 
4 71 72 99786 99785 
4 72 73 99783 99782 
4 73 74 99780 99779 
4 74 75 99777 99776 
4 75 76 99774 99773 
4 76 77 99771 99770 
4 77 78 99768 99767 
4 78 79 99765 99764 
4 79 80 99762 99761 
4 80 81 99759 99758 
4 81 82 99756 99755 
4 82 83 99753 99752 
4 83 84 99750 99749 
4 84 85 99747 99746 
4 85 86 99744 99743 
4 86 87 99741 99740 
4 87 88 99738 99737 
4 88 89 99735 99734 
4 89 90 99732 99731 
4 90 91 99729 99728 
4 91 92 99726 99725 
4 92 93 99723 99722 
4 93 94 99720 99719 
4 94 95 99717 99716 
4 95 96 99714 99713 
4 96 97 99711 99710 
4 97 98 99708 99707 
4 98 99 99705 99704 
4 99 100 99702 99701 
4 100 101 99699 99698 
4 101 102 99696 99695 
4 102 103 99693 99692 
4 103 104 99690 99689 
4 104 105 99687 99686 
4 105 106 99684 99683 
4 106 107 99681 99680 
4 107 108 99678 99677 
4 108 109 99675 99674 
4 109 110 99672 99671 
4 110 111 99669 99668 
4 111 112 99666 99665 
4 112 113 99663 99662 
4 113 114 99660 99659 
4 114 115 99657 99656 
4 115 116 99654 99653 
4 116 117 99651 99650 
4 117 118 99648 99647 
4 118 119 99645 99644 
4 119 120 99642 99641 
4 120 121 99639 99638 
4 121 122 99636 99635 
4 122 123 99633 99632 
4 123 124 99630 99629 
4 124 125 99627 99626 
4 125 126 99624 99623 
4 126 127 99621 99620 
4 127 128 99618 99617 
4 128 129 99615 99614 
4 129 130 99612 99611 
4 130 131 99609 99608 
4 131 132 99606 99605 
4 132 133 99603 99602 
4 133 134 99600 99599 
4 134 135 99597 99596 
4 135 136 99594 99593 
4 136 137 99591 99590 
4 137 138 99588 99587 
4 138 139 99585 99584 
4 139 140 99582 99581 
4 140 141 99579 99578 
4 141 142 99576 99575 
4 142 143 99573 99572 
4 143 144 99570 99569 
4 144 145 99567 99566 
4 145 146 99564 99563 
4 146 147 99561 99560 
4 147 148 99558 99557 
4 148 149 99555 99554 
4 149 150 99552 99551 
4 150 151 99549 99548 
4 151 152 99546 99545 
4 152 153 99543 99542 
4 153 154 99540 99539 
4 154 155 99537 99536 
4 155 156 99534 99533 
4 156 157 99531 99530 
4 157 158 99528 99527 
4 158 159 99525 99524 
4 159 160 99522 99521 
4 160 161 99519 99518 
4 161 162 99516 99515 
4 162 163 99513 99512 
4 163 164 99510 99509 
4 164 165 99507 99506 
4 165 166 99504 99503 
4 166 167 99501 99500 
4 167 168 99498 99497 
4 168 169 99495 99494 
4 169 170 99492 99491 
4 170 171 99489 99488 
4 171 172 99486 99485 
4 172 173 99483 99482 
4 173 174 99480 99479 
4 174 175 99477 99476 
4 175 176 99474 99473 
4 176 177 99471 99470 
4 177 178 99468 99467 
4 178 179 99465 99464 
4 179 180 99462 99461 
4 180 181 99459 99458 
4 181 182 99456 99455 
4 182 183 99453 99452 
4 183 184 99450 99449 
4 184 185 99447 99446 
4 185 186 99444 99443 
4 186 187 99441 99440 
4 187 188 99438 99437 
4 188 189 99435 99434 
4 189 190 99432 99431 
4 190 191 99429 99428 
4 191 192 99426 99425 
4 192 193 99423 99422 
4 193 194 99420 99419 
4 194 195 99417 99416 
4 195 196 99414 99413 
4 196 197 99411 99410 
4 197 198 99408 99407 
4 198 199 99405 99404 
4 199 200 99402 99401 
4 200 201 99399 99398 
4 201 202 99396 99395 
4 202 203 99393 99392 
4 203 204 99390 99389 
4 204 205 99387 99386 
4 205 206 99384 99383 
4 206 207 99381 99380 
4 207 208 99378 99377 
4 208 209 99375 99374 
4 209 210 99372 99371 
4 210 211 99369 99368 
4 211 212 99366 99365 
4 212 213 99363 99362 
4 213 214 99360 99359 
4 214 215 99357 99356 
4 215 216 99354 99353 
4 216 217 99351 99350 
4 217 218 99348 99347 
4 218 219 99345 99344 
4 219 220 99342 99341 
4 220 221 99339 99338 
4 221 222 99336 99335 
4 222 223 99333 99332 
4 223 224 99330 99329 
4 224 225 99327 99326 
4 225 226 99324 99323 
4 226 227 99321 99320 
4 227 228 99318 99317 
4 228 229 99315 99314 
4 229 230 99312 99311 
4 230 231 99309 99308 
4 231 232 99306 99305 
4 232 233 99303 99302 
4 233 234 99300 99299 
4 234 235 99297 99296 
4 235 236 99294 99293 
4 236 237 99291 99290 
4 237 238 99288 99287 
4 238 239 99285 99284 
4 239 240 99282 99281 
4 240 241 99279 99278 
4 241 242 99276 99275 
4 242 243 99273 99272 
4 243 244 99270 99269 
4 244 245 99267 99266 
4 245 246 99264 99263 
4 246 247 99261 99260 
4 247 248 99258 99257 
4 248 249 99255 99254 
4 249 250 99252 99251 
4 250 251 99249 99248 
4 251 252 99246 99245 
4 252 253 99243 99242 
4 253 254 99240 99239 
4 254 255 99237 99236 
4 255 256 99234 99233 
4 256 257 99231 99230 
4 257 258 99228 99227 
4 258 259 99225 99224 
4 259 260 99222 99221 
4 260 261 99219 99218 
4 261 262 99216 99215 
4 262 263 99213 99212 
4 263 264 99210 99209 
4 264 265 99207 99206 
4 265 266 99204 99203 
4 266 267 99201 99200 
4 267 268 99198 99197 
4 268 269 99195 99194 
4 269 270 99192 99191 
4 270 271 99189 99188 
4 271 272 99186 99185 
4 272 273 99183 99182 
4 273 274 99180 99179 
4 274 275 99177 99176 
4 275 276 99174 99173 
4 276 277 99171 99170 
4 277 278 99168 99167 
4 278 279 99165 99164 
4 279 280 99162 99161 
4 280 281 99159 99158 
4 281 282 99156 99155 
4 282 283 99153 99152 
4 283 284 99150 99149 
4 284 285 99147 99146 
4 285 286 99144 99143 
4 286 287 99141 99140 
4 287 288 99138 99137 
4 288 289 99135 99134 
4 289 290 99132 99131 
4 290 291 99129 99128 
4 291 292 99126 99125 
4 292 293 99123 99122 
4 293 294 99120 99119 
4 294 295 99117 99116 
4 295 296 99114 99113 
4 296 297 99111 99110 
4 297 298 99108 99107 
4 298 299 99105 99104 
4 299 300 99102 99101 
4 300 301 99099 99098 
4 301 302 99096 99095 
4 302 303 99093 99092 
4 303 304 99090 99089 
4 304 305 99087 99086 
4 305 306 99084 99083 
4 306 307 99081 99080 
4 307 308 99078 99077 
4 308 309 99075 99074 
4 309 310 99072 99071 
4 310 311 99069 99068 
4 311 312 99066 99065 
4 312 313 99063 99062 
4 313 314 99060 99059 
4 314 315 99057 99056 
4 315 316 99054 99053 
4 316 317 99051 99050 
4 317 318 99048 99047 
4 318 319 99045 99044 
4 319 320 99042 99041 
4 320 321 99039 99038 
4 321 322 99036 99035 
4 322 323 99033 99032 
4 323 324 99030 99029 
4 324 325 99027 99026 
4 325 326 99024 99023 
4 326 327 99021 99020 
4 327 328 99018 99017 
4 328 329 99015 99014 
4 329 330 99012 99011 
4 330 331 99009 99008 
4 331 332 99006 99005 
4 332 333 99003 99002 
4 333 334 99000 98999 
4 334 335 98997 98996 
4 335 336 98994 98993 
4 336 337 98991 98990 
4 337 338 98988 98987 
4 338 339 98985 98984 
4 339 340 98982 98981 
4 340 341 98979 98978 
4 341 342 98976 98975 
4 342 343 98973 98972 
4 343 344 98970 98969 
4 344 345 98967 98966 
4 345 346 98964 98963 
4 346 347 98961 98960 
4 347 348 98958 98957 
4 348 349 98955 98954 
4 349 350 98952 98951 
4 350 351 98949 98948 
4 351 352 98946 98945 
4 352 353 98943 98942 
4 353 354 98940 98939 
4 354 355 98937 98936 
4 355 356 98934 98933 
4 356 357 98931 98930 
4 357 358 98928 98927 
4 358 359 98925 98924 
4 359 360 98922 98921 
4 360 361 98919 98918 
4 361 362 98916 98915 
4 362 363 98913 98912 
4 363 364 98910 98909 
4 364 365 98907 98906 
4 365 366 98904 98903 
4 366 367 98901 98900 
4 367 368 98898 98897 
4 368 369 98895 98894 
4 369 370 98892 98891 
4 370 371 98889 98888 
4 371 372 98886 98885 
4 372 373 98883 98882 
4 373 374 98880 98879 
4 374 375 98877 98876 
4 375 376 98874 98873 
4 376 377 98871 98870 
4 377 378 98868 98867 
4 378 379 98865 98864 
4 379 380 98862 98861 
4 380 381 98859 98858 
4 381 382 98856 98855 
4 382 383 98853 98852 
4 383 384 98850 98849 
4 384 385 98847 98846 
4 385 386 98844 98843 
4 386 387 98841 98840 
4 387 388 98838 98837 
4 388 389 98835 98834 
4 389 390 98832 98831 
4 390 391 98829 98828 
4 391 392 98826 98825 
4 392 393 98823 98822 
4 393 394 98820 98819 
4 394 395 98817 98816 
4 395 396 98814 98813 
4 396 397 98811 98810 
4 397 398 98808 98807 
4 398 399 98805 98804 
4 399 400 98802 98801 
4 400 401 98799 98798 
4 401 402 98796 98795 
4 402 403 98793 98792 
4 403 404 98790 98789 
4 404 405 98787 98786 
4 405 406 98784 98783 
4 406 407 98781 98780 
4 407 408 98778 98777 
4 408 409 98775 98774 
4 409 410 98772 98771 
4 410 411 98769 98768 
4 411 412 98766 98765 
4 412 413 98763 98762 
4 413 414 98760 98759 
4 414 415 98757 98756 
4 415 416 98754 98753 
4 416 417 98751 98750 
4 417 418 98748 98747 
4 418 419 98745 98744 
4 419 420 98742 98741 
4 420 421 98739 98738 
4 421 422 98736 98735 
4 422 423 98733 98732 
4 423 424 98730 98729 
4 424 425 98727 98726 
4 425 426 98724 98723 
4 426 427 98721 98720 
4 427 428 98718 98717 
4 428 429 98715 98714 
4 429 430 98712 98711 
4 430 431 98709 98708 
4 431 432 98706 98705 
4 432 433 98703 98702 
4 433 434 98700 98699 
4 434 435 98697 98696 
4 435 436 98694 98693 
4 436 437 98691 98690 
4 437 438 98688 98687 
4 438 439 98685 98684 
4 439 440 98682 98681 
4 440 441 98679 98678 
4 441 442 98676 98675 
4 442 443 98673 98672 
4 443 444 98670 98669 
4 444 445 98667 98666 
4 445 446 98664 98663 
4 446 447 98661 98660 
4 447 448 98658 98657 
4 448 449 98655 98654 
4 449 450 98652 98651 
4 450 451 98649 98648 
4 451 452 98646 98645 
4 452 453 98643 98642 
4 453 454 98640 98639 
4 454 455 98637 98636 
4 455 456 98634 98633 
4 456 457 98631 98630 
4 457 458 98628 98627 
4 458 459 98625 98624 
4 459 460 98622 98621 
4 460 461 98619 98618 
4 461 462 98616 98615 
4 462 463 98613 98612 
4 463 464 98610 98609 
4 464 465 98607 98606 
4 465 466 98604 98603 
4 466 467 98601 98600 
4 467 468 98598 98597 
4 468 469 98595 98594 
4 469 470 98592 98591 
4 470 471 98589 98588 
4 471 472 98586 98585 
4 472 473 98583 98582 
4 473 474 98580 98579 
4 474 475 98577 98576 
4 475 476 98574 98573 
4 476 477 98571 98570 
4 477 478 98568 98567 
4 478 479 98565 98564 
4 479 480 98562 98561 
4 480 481 98559 98558 
4 481 482 98556 98555 
4 482 483 98553 98552 
4 483 484 98550 98549 
4 484 485 98547 98546 
4 485 486 98544 98543 
4 486 487 98541 98540 
4 487 488 98538 98537 
4 488 489 98535 98534 
4 489 490 98532 98531 
4 490 491 98529 98528 
4 491 492 98526 98525 
4 492 493 98523 98522 
4 493 494 98520 98519 
4 494 495 98517 98516 
4 495 496 98514 98513 
4 496 497 98511 98510 
4 497 498 98508 98507 
4 498 499 98505 98504 
4 499 500 98502 98501 
4 500 501 98499 98498 
4 501 502 98496 98495 
4 502 503 98493 98492 
4 503 504 98490 98489 
4 504 505 98487 98486 
4 505 506 98484 98483 
4 506 507 98481 98480 
4 507 508 98478 98477 
4 508 509 98475 98474 
4 509 510 98472 98471 
4 510 511 98469 98468 
4 511 512 98466 98465 
4 512 513 98463 98462 
4 513 514 98460 98459 
4 514 515 98457 98456 
4 515 516 98454 98453 
4 516 517 98451 98450 
4 517 518 98448 98447 
4 518 519 98445 98444 
4 519 520 98442 98441 
4 520 521 98439 98438 
4 521 522 98436 98435 
4 522 523 98433 98432 
4 523 524 98430 98429 
4 524 525 98427 98426 
4 525 526 98424 98423 
4 526 527 98421 98420 
4 527 528 98418 98417 
4 528 529 98415 98414 
4 529 530 98412 98411 
4 530 531 98409 98408 
4 531 532 98406 98405 
4 532 533 98403 98402 
4 533 534 98400 98399 
4 534 535 98397 98396 
4 535 536 98394 98393 
4 536 537 98391 98390 
4 537 538 98388 98387 
4 538 539 98385 98384 
4 539 540 98382 98381 
4 540 541 98379 98378 
4 541 542 98376 98375 
4 542 543 98373 98372 
4 543 544 98370 98369 
4 544 545 98367 98366 
4 545 546 98364 98363 
4 546 547 98361 98360 
4 547 548 98358 98357 
4 548 549 98355 98354 
4 549 550 98352 98351 
4 550 551 98349 98348 
4 551 552 98346 98345 
4 552 553 98343 98342 
4 553 554 98340 98339 
4 554 555 98337 98336 
4 555 556 98334 98333 
4 556 557 98331 98330 
4 557 558 98328 98327 
4 558 559 98325 98324 
4 559 560 98322 98321 
4 560 561 98319 98318 
4 561 562 98316 98315 
4 562 563 98313 98312 
4 563 564 98310 98309 
4 564 565 98307 98306 
4 565 566 98304 98303 
4 566 567 98301 98300 
4 567 568 98298 98297 
4 568 569 98295 98294 
4 569 570 98292 98291 
4 570 571 98289 98288 
4 571 572 98286 98285 
4 572 573 98283 98282 
4 573 574 98280 98279 
4 574 575 98277 98276 
4 575 576 98274 98273 
4 576 577 98271 98270 
4 577 578 98268 98267 
4 578 579 98265 98264 
4 579 580 98262 98261 
4 580 581 98259 98258 
4 581 582 98256 98255 
4 582 583 98253 98252 
4 583 584 98250 98249 
4 584 585 98247 98246 
4 585 586 98244 98243 
4 586 587 98241 98240 
4 587 588 98238 98237 
4 588 589 98235 98234 
4 589 590 98232 98231 
4 590 591 98229 98228 
4 591 592 98226 98225 
4 592 593 98223 98222 
4 593 594 98220 98219 
4 594 595 98217 98216 
4 595 596 98214 98213 
4 596 597 98211 98210 
4 597 598 98208 98207 
4 598 599 98205 98204 
4 599 600 98202 98201 
4 600 601 98199 98198 
4 601 602 98196 98195 
4 602 603 98193 98192 
4 603 604 98190 98189 
4 604 605 98187 98186 
4 605 606 98184 98183 
4 606 607 98181 98180 
4 607 608 98178 98177 
4 608 609 98175 98174 
4 609 610 98172 98171 
4 610 611 98169 98168 
4 611 612 98166 98165 
4 612 613 98163 98162 
4 613 614 98160 98159 
4 614 615 98157 98156 
4 615 616 98154 98153 
4 616 617 98151 98150 
4 617 618 98148 98147 
4 618 619 98145 98144 
4 619 620 98142 98141 
4 620 621 98139 98138 
4 621 622 98136 98135 
4 622 623 98133 98132 
4 623 624 98130 98129 
4 624 625 98127 98126 
4 625 626 98124 98123 
4 626 627 98121 98120 
4 627 628 98118 98117 
4 628 629 98115 98114 
4 629 630 98112 98111 
4 630 631 98109 98108 
4 631 632 98106 98105 
4 632 633 98103 98102 
4 633 634 98100 98099 
4 634 635 98097 98096 
4 635 636 98094 98093 
4 636 637 98091 98090 
4 637 638 98088 98087 
4 638 639 98085 98084 
4 639 640 98082 98081 
4 640 641 98079 98078 
4 641 642 98076 98075 
4 642 643 98073 98072 
4 643 644 98070 98069 
4 644 645 98067 98066 
4 645 646 98064 98063 
4 646 647 98061 98060 
4 647 648 98058 98057 
4 648 649 98055 98054 
4 649 650 98052 98051 
4 650 651 98049 98048 
4 651 652 98046 98045 
4 652 653 98043 98042 
4 653 654 98040 98039 
4 654 655 98037 98036 
4 655 656 98034 98033 
4 656 657 98031 98030 
4 657 658 98028 98027 
4 658 659 98025 98024 
4 659 660 98022 98021 
4 660 661 98019 98018 
4 661 662 98016 98015 
4 662 663 98013 98012 
4 663 664 98010 98009 
4 664 665 98007 98006 
4 665 666 98004 98003 
4 666 667 98001 98000 
4 667 668 97998 97997 
4 668 669 97995 97994 
4 669 670 97992 97991 
4 670 671 97989 97988 
4 671 672 97986 97985 
4 672 673 97983 97982 
4 673 674 97980 97979 
4 674 675 97977 97976 
4 675 676 97974 97973 
4 676 677 97971 97970 
4 677 678 97968 97967 
4 678 679 97965 97964 
4 679 680 97962 97961 
4 680 681 97959 97958 
4 681 682 97956 97955 
4 682 683 97953 97952 
4 683 684 97950 97949 
4 684 685 97947 97946 
4 685 686 97944 97943 
4 686 687 97941 97940 
4 687 688 97938 97937 
4 688 689 97935 97934 
4 689 690 97932 97931 
4 690 691 97929 97928 
4 691 692 97926 97925 
4 692 693 97923 97922 
4 693 694 97920 97919 
4 694 695 97917 97916 
4 695 696 97914 97913 
4 696 697 97911 97910 
4 697 698 97908 97907 
4 698 699 97905 97904 
4 699 700 97902 97901 
4 700 701 97899 97898 
4 701 702 97896 97895 
4 702 703 97893 97892 
4 703 704 97890 97889 
4 704 705 97887 97886 
4 705 706 97884 97883 
4 706 707 97881 97880 
4 707 708 97878 97877 
4 708 709 97875 97874 
4 709 710 97872 97871 
4 710 711 97869 97868 
4 711 712 97866 97865 
4 712 713 97863 97862 
4 713 714 97860 97859 
4 714 715 97857 97856 
4 715 716 97854 97853 
4 716 717 97851 97850 
4 717 718 97848 97847 
4 718 719 97845 97844 
4 719 720 97842 97841 
4 720 721 97839 97838 
4 721 722 97836 97835 
4 722 723 97833 97832 
4 723 724 97830 97829 
4 724 725 97827 97826 
4 725 726 97824 97823 
4 726 727 97821 97820 
4 727 728 97818 97817 
4 728 729 97815 97814 
4 729 730 97812 97811 
4 730 731 97809 97808 
4 731 732 97806 97805 
4 732 733 97803 97802 
4 733 734 97800 97799 
4 734 735 97797 97796 
4 735 736 97794 97793 
4 736 737 97791 97790 
4 737 738 97788 97787 
4 738 739 97785 97784 
4 739 740 97782 97781 
4 740 741 97779 97778 
4 741 742 97776 97775 
4 742 743 97773 97772 
4 743 744 97770 97769 
4 744 745 97767 97766 
4 745 746 97764 97763 
4 746 747 97761 97760 
4 747 748 97758 97757 
4 748 749 97755 97754 
4 749 750 97752 97751 
4 750 751 97749 97748 
4 751 752 97746 97745 
4 752 753 97743 97742 
4 753 754 97740 97739 
4 754 755 97737 97736 
4 755 756 97734 97733 
4 756 757 97731 97730 
4 757 758 97728 97727 
4 758 759 97725 97724 
4 759 760 97722 97721 
4 760 761 97719 97718 
4 761 762 97716 97715 
4 762 763 97713 97712 
4 763 764 97710 97709 
4 764 765 97707 97706 
4 765 766 97704 97703 
4 766 767 97701 97700 
4 767 768 97698 97697 
4 768 769 97695 97694 
4 769 770 97692 97691 
4 770 771 97689 97688 
4 771 772 97686 97685 
4 772 773 97683 97682 
4 773 774 97680 97679 
4 774 775 97677 97676 
4 775 776 97674 97673 
4 776 777 97671 97670 
4 777 778 97668 97667 
4 778 779 97665 97664 
4 779 780 97662 97661 
4 780 781 97659 97658 
4 781 782 97656 97655 
4 782 783 97653 97652 
4 783 784 97650 97649 
4 784 785 97647 97646 
4 785 786 97644 97643 
4 786 787 97641 97640 
4 787 788 97638 97637 
4 788 789 97635 97634 
4 789 790 97632 97631 
4 790 791 97629 97628 
4 791 792 97626 97625 
4 792 793 97623 97622 
4 793 794 97620 97619 
4 794 795 97617 97616 
4 795 796 97614 97613 
4 796 797 97611 97610 
4 797 798 97608 97607 
4 798 799 97605 97604 
4 799 800 97602 97601 
4 800 801 97599 97598 
4 801 802 97596 97595 
4 802 803 97593 97592 
4 803 804 97590 97589 
4 804 805 97587 97586 
4 805 806 97584 97583 
4 806 807 97581 97580 
4 807 808 97578 97577 
4 808 809 97575 97574 
4 809 810 97572 97571 
4 810 811 97569 97568 
4 811 812 97566 97565 
4 812 813 97563 97562 
4 813 814 97560 97559 
4 814 815 97557 97556 
4 815 816 97554 97553 
4 816 817 97551 97550 
4 817 818 97548 97547 
4 818 819 97545 97544 
4 819 820 97542 97541 
4 820 821 97539 97538 
4 821 822 97536 97535 
4 822 823 97533 97532 
4 823 824 97530 97529 
4 824 825 97527 97526 
4 825 826 97524 97523 
4 826 827 97521 97520 
4 827 828 97518 97517 
4 828 829 97515 97514 
4 829 830 97512 97511 
4 830 831 97509 97508 
4 831 832 97506 97505 
4 832 833 97503 97502 
4 833 834 97500 97499 
4 834 835 97497 97496 
4 835 836 97494 97493 
4 836 837 97491 97490 
4 837 838 97488 97487 
4 838 839 97485 97484 
4 839 840 97482 97481 
4 840 841 97479 97478 
4 841 842 97476 97475 
4 842 843 97473 97472 
4 843 844 97470 97469 
4 844 845 97467 97466 
4 845 846 97464 97463 
4 846 847 97461 97460 
4 847 848 97458 97457 
4 848 849 97455 97454 
4 849 850 97452 97451 
4 850 851 97449 97448 
4 851 852 97446 97445 
4 852 853 97443 97442 
4 853 854 97440 97439 
4 854 855 97437 97436 
4 855 856 97434 97433 
4 856 857 97431 97430 
4 857 858 97428 97427 
4 858 859 97425 97424 
4 859 860 97422 97421 
4 860 861 97419 97418 
4 861 862 97416 97415 
4 862 863 97413 97412 
4 863 864 97410 97409 
4 864 865 97407 97406 
4 865 866 97404 97403 
4 866 867 97401 97400 
4 867 868 97398 97397 
4 868 869 97395 97394 
4 869 870 97392 97391 
4 870 871 97389 97388 
4 871 872 97386 97385 
4 872 873 97383 97382 
4 873 874 97380 97379 
4 874 875 97377 97376 
4 875 876 97374 97373 
4 876 877 97371 97370 
4 877 878 97368 97367 
4 878 879 97365 97364 
4 879 880 97362 97361 
4 880 881 97359 97358 
4 881 882 97356 97355 
4 882 883 97353 97352 
4 883 884 97350 97349 
4 884 885 97347 97346 
4 885 886 97344 97343 
4 886 887 97341 97340 
4 887 888 97338 97337 
4 888 889 97335 97334 
4 889 890 97332 97331 
4 890 891 97329 97328 
4 891 892 97326 97325 
4 892 893 97323 97322 
4 893 894 97320 97319 
4 894 895 97317 97316 
4 895 896 97314 97313 
4 896 897 97311 97310 
4 897 898 97308 97307 
4 898 899 97305 97304 
4 899 900 97302 97301 
4 900 901 97299 97298 
4 901 902 97296 97295 
4 902 903 97293 97292 
4 903 904 97290 97289 
4 904 905 97287 97286 
4 905 906 97284 97283 
4 906 907 97281 97280 
4 907 908 97278 97277 
4 908 909 97275 97274 
4 909 910 97272 97271 
4 910 911 97269 97268 
4 911 912 97266 97265 
4 912 913 97263 97262 
4 913 914 97260 97259 
4 914 915 97257 97256 
4 915 916 97254 97253 
4 916 917 97251 97250 
4 917 918 97248 97247 
4 918 919 97245 97244 
4 919 920 97242 97241 
4 920 921 97239 97238 
4 921 922 97236 97235 
4 922 923 97233 97232 
4 923 924 97230 97229 
4 924 925 97227 97226 
4 925 926 97224 97223 
4 926 927 97221 97220 
4 927 928 97218 97217 
4 928 929 97215 97214 
4 929 930 97212 97211 
4 930 931 97209 97208 
4 931 932 97206 97205 
4 932 933 97203 97202 
4 933 934 97200 97199 
4 934 935 97197 97196 
4 935 936 97194 97193 
4 936 937 97191 97190 
4 937 938 97188 97187 
4 938 939 97185 97184 
4 939 940 97182 97181 
4 940 941 97179 97178 
4 941 942 97176 97175 
4 942 943 97173 97172 
4 943 944 97170 97169 
4 944 945 97167 97166 
4 945 946 97164 97163 
4 946 947 97161 97160 
4 947 948 97158 97157 
4 948 949 97155 97154 
4 949 950 97152 97151 
4 950 951 97149 97148 
4 951 952 97146 97145 
4 952 953 97143 97142 
4 953 954 97140 97139 
4 954 955 97137 97136 
4 955 956 97134 97133 
4 956 957 97131 97130 
4 957 958 97128 97127 
4 958 959 97125 97124 
4 959 960 97122 97121 
4 960 961 97119 97118 
4 961 962 97116 97115 
4 962 963 97113 97112 
4 963 964 97110 97109 
4 964 965 97107 97106 
4 965 966 97104 97103 
4 966 967 97101 97100 
4 967 968 97098 97097 
4 968 969 97095 97094 
4 969 970 97092 97091 
4 970 971 97089 97088 
4 971 972 97086 97085 
4 972 973 97083 97082 
4 973 974 97080 97079 
4 974 975 97077 97076 
4 975 976 97074 97073 
4 976 977 97071 97070 
4 977 978 97068 97067 
4 978 979 97065 97064 
4 979 980 97062 97061 
4 980 981 97059 97058 
4 981 982 97056 97055 
4 982 983 97053 97052 
4 983 984 97050 97049 
4 984 985 97047 97046 
4 985 986 97044 97043 
4 986 987 97041 97040 
4 987 988 97038 97037 
4 988 989 97035 97034 
4 989 990 97032 97031 
4 990 991 97029 97028 
4 991 992 97026 97025 
4 992 993 97023 97022 
4 993 994 97020 97019 
4 994 995 97017 97016 
4 995 996 97014 97013 
4 996 997 97011 97010 
4 997 998 97008 97007 
4 998 999 97005 97004 
4 999 1000 97002 97001 
4 1000 1001 96999 96998 
4 1001 1002 96996 96995 
4 1002 1003 96993 96992 
4 1003 1004 96990 96989 
4 1004 1005 96987 96986 
4 1005 1006 96984 96983 
4 1006 1007 96981 96980 
4 1007 1008 96978 96977 
4 1008 1009 96975 96974 
4 1009 1010 96972 96971 
4 1010 1011 96969 96968 
4 1011 1012 96966 96965 
4 1012 1013 96963 96962 
4 1013 1014 96960 96959 
4 1014 1015 96957 96956 
4 1015 1016 96954 96953 
4 1016 1017 96951 96950 
4 1017 1018 96948 96947 
4 1018 1019 96945 96944 
4 1019 1020 96942 96941 
4 1020 1021 96939 96938 
4 1021 1022 96936 96935 
4 1022 1023 96933 96932 
4 1023 1024 96930 96929 
4 1024 1025 96927 96926 
4 1025 1026 96924 96923 
4 1026 1027 96921 96920 
4 1027 1028 96918 96917 
4 1028 1029 96915 96914 
4 1029 1030 96912 96911 
4 1030 1031 96909 96908 
4 1031 1032 96906 96905 
4 1032 1033 96903 96902 
4 1033 1034 96900 96899 
4 1034 1035 96897 96896 
4 1035 1036 96894 96893 
4 1036 1037 96891 96890 
4 1037 1038 96888 96887 
4 1038 1039 96885 96884 
4 1039 1040 96882 96881 
4 1040 1041 96879 96878 
4 1041 1042 96876 96875 
4 1042 1043 96873 96872 
4 1043 1044 96870 96869 
4 1044 1045 96867 96866 
4 1045 1046 96864 96863 
4 1046 1047 96861 96860 
4 1047 1048 96858 96857 
4 1048 1049 96855 96854 
4 1049 1050 96852 96851 
4 1050 1051 96849 96848 
4 1051 1052 96846 96845 
4 1052 1053 96843 96842 
4 1053 1054 96840 96839 
4 1054 1055 96837 96836 
4 1055 1056 96834 96833 
4 1056 1057 96831 96830 
4 1057 1058 96828 96827 
4 1058 1059 96825 96824 
4 1059 1060 96822 96821 
4 1060 1061 96819 96818 
4 1061 1062 96816 96815 
4 1062 1063 96813 96812 
4 1063 1064 96810 96809 
4 1064 1065 96807 96806 
4 1065 1066 96804 96803 
4 1066 1067 96801 96800 
4 1067 1068 96798 96797 
4 1068 1069 96795 96794 
4 1069 1070 96792 96791 
4 1070 1071 96789 96788 
4 1071 1072 96786 96785 
4 1072 1073 96783 96782 
4 1073 1074 96780 96779 
4 1074 1075 96777 96776 
4 1075 1076 96774 96773 
4 1076 1077 96771 96770 
4 1077 1078 96768 96767 
4 1078 1079 96765 96764 
4 1079 1080 96762 96761 
4 1080 1081 96759 96758 
4 1081 1082 96756 96755 
4 1082 1083 96753 96752 
4 1083 1084 96750 96749 
4 1084 1085 96747 96746 
4 1085 1086 96744 96743 
4 1086 1087 96741 96740 
4 1087 1088 96738 96737 
4 1088 1089 96735 96734 
4 1089 1090 96732 96731 
4 1090 1091 96729 96728 
4 1091 1092 96726 96725 
4 1092 1093 96723 96722 
4 1093 1094 96720 96719 
4 1094 1095 96717 96716 
4 1095 1096 96714 96713 
4 1096 1097 96711 96710 
4 1097 1098 96708 96707 
4 1098 1099 96705 96704 
4 1099 1100 96702 96701 
4 1100 1101 96699 96698 
4 1101 1102 96696 96695 
4 1102 1103 96693 96692 
4 1103 1104 96690 96689 
4 1104 1105 96687 96686 
4 1105 1106 96684 96683 
4 1106 1107 96681 96680 
4 1107 1108 96678 96677 
4 1108 1109 96675 96674 
4 1109 1110 96672 96671 
4 1110 1111 96669 96668 
4 1111 1112 96666 96665 
4 1112 1113 96663 96662 
4 1113 1114 96660 96659 
4 1114 1115 96657 96656 
4 1115 1116 96654 96653 
4 1116 1117 96651 96650 
4 1117 1118 96648 96647 
4 1118 1119 96645 96644 
4 1119 1120 96642 96641 
4 1120 1121 96639 96638 
4 1121 1122 96636 96635 
4 1122 1123 96633 96632 
4 1123 1124 96630 96629 
4 1124 1125 96627 96626 
4 1125 1126 96624 96623 
4 1126 1127 96621 96620 
4 1127 1128 96618 96617 
4 1128 1129 96615 96614 
4 1129 1130 96612 96611 
4 1130 1131 96609 96608 
4 1131 1132 96606 96605 
4 1132 1133 96603 96602 
4 1133 1134 96600 96599 
4 1134 1135 96597 96596 
4 1135 1136 96594 96593 
4 1136 1137 96591 96590 
4 1137 1138 96588 96587 
4 1138 1139 96585 96584 
4 1139 1140 96582 96581 
4 1140 1141 96579 96578 
4 1141 1142 96576 96575 
4 1142 1143 96573 96572 
4 1143 1144 96570 96569 
4 1144 1145 96567 96566 
4 1145 1146 96564 96563 
4 1146 1147 96561 96560 
4 1147 1148 96558 96557 
4 1148 1149 96555 96554 
4 1149 1150 96552 96551 
4 1150 1151 96549 96548 
4 1151 1152 96546 96545 
4 1152 1153 96543 96542 
4 1153 1154 96540 96539 
4 1154 1155 96537 96536 
4 1155 1156 96534 96533 
4 1156 1157 96531 96530 
4 1157 1158 96528 96527 
4 1158 1159 96525 96524 
4 1159 1160 96522 96521 
4 1160 1161 96519 96518 
4 1161 1162 96516 96515 
4 1162 1163 96513 96512 
4 1163 1164 96510 96509 
4 1164 1165 96507 96506 
4 1165 1166 96504 96503 
4 1166 1167 96501 96500 
4 1167 1168 96498 96497 
4 1168 1169 96495 96494 
4 1169 1170 96492 96491 
4 1170 1171 96489 96488 
4 1171 1172 96486 96485 
4 1172 1173 96483 96482 
4 1173 1174 96480 96479 
4 1174 1175 96477 96476 
4 1175 1176 96474 96473 
4 1176 1177 96471 96470 
4 1177 1178 96468 96467 
4 1178 1179 96465 96464 
4 1179 1180 96462 96461 
4 1180 1181 96459 96458 
4 1181 1182 96456 96455 
4 1182 1183 96453 96452 
4 1183 1184 96450 96449 
4 1184 1185 96447 96446 
4 1185 1186 96444 96443 
4 1186 1187 96441 96440 
4 1187 1188 96438 96437 
4 1188 1189 96435 96434 
4 1189 1190 96432 96431 
4 1190 1191 96429 96428 
4 1191 1192 96426 96425 
4 1192 1193 96423 96422 
4 1193 1194 96420 96419 
4 1194 1195 96417 96416 
4 1195 1196 96414 96413 
4 1196 1197 96411 96410 
4 1197 1198 96408 96407 
4 1198 1199 96405 96404 
4 1199 1200 96402 96401 
4 1200 1201 96399 96398 
4 1201 1202 96396 96395 
4 1202 1203 96393 96392 
4 1203 1204 96390 96389 
4 1204 1205 96387 96386 
4 1205 1206 96384 96383 
4 1206 1207 96381 96380 
4 1207 1208 96378 96377 
4 1208 1209 96375 96374 
4 1209 1210 96372 96371 
4 1210 1211 96369 96368 
4 1211 1212 96366 96365 
4 1212 1213 96363 96362 
4 1213 1214 96360 96359 
4 1214 1215 96357 96356 
4 1215 1216 96354 96353 
4 1216 1217 96351 96350 
4 1217 1218 96348 96347 
4 1218 1219 96345 96344 
4 1219 1220 96342 96341 
4 1220 1221 96339 96338 
4 1221 1222 96336 96335 
4 1222 1223 96333 96332 
4 1223 1224 96330 96329 
4 1224 1225 96327 96326 
4 1225 1226 96324 96323 
4 1226 1227 96321 96320 
4 1227 1228 96318 96317 
4 1228 1229 96315 96314 
4 1229 1230 96312 96311 
4 1230 1231 96309 96308 
4 1231 1232 96306 96305 
4 1232 1233 96303 96302 
4 1233 1234 96300 96299 
4 1234 1235 96297 96296 
4 1235 1236 96294 96293 
4 1236 1237 96291 96290 
4 1237 1238 96288 96287 
4 1238 1239 96285 96284 
4 1239 1240 96282 96281 
4 1240 1241 96279 96278 
4 1241 1242 96276 96275 
4 1242 1243 96273 96272 
4 1243 1244 96270 96269 
4 1244 1245 96267 96266 
4 1245 1246 96264 96263 
4 1246 1247 96261 96260 
4 1247 1248 96258 96257 
4 1248 1249 96255 96254 
4 1249 1250 96252 96251 
4 1250 1251 96249 96248 
4 1251 1252 96246 96245 
4 1252 1253 96243 96242 
4 1253 1254 96240 96239 
4 1254 1255 96237 96236 
4 1255 1256 96234 96233 
4 1256 1257 96231 96230 
4 1257 1258 96228 96227 
4 1258 1259 96225 96224 
4 1259 1260 96222 96221 
4 1260 1261 96219 96218 
4 1261 1262 96216 96215 
4 1262 1263 96213 96212 
4 1263 1264 96210 96209 
4 1264 1265 96207 96206 
4 1265 1266 96204 96203 
4 1266 1267 96201 96200 
4 1267 1268 96198 96197 
4 1268 1269 96195 96194 
4 1269 1270 96192 96191 
4 1270 1271 96189 96188 
4 1271 1272 96186 96185 
4 1272 1273 96183 96182 
4 1273 1274 96180 96179 
4 1274 1275 96177 96176 
4 1275 1276 96174 96173 
4 1276 1277 96171 96170 
4 1277 1278 96168 96167 
4 1278 1279 96165 96164 
4 1279 1280 96162 96161 
4 1280 1281 96159 96158 
4 1281 1282 96156 96155 
4 1282 1283 96153 96152 
4 1283 1284 96150 96149 
4 1284 1285 96147 96146 
4 1285 1286 96144 96143 
4 1286 1287 96141 96140 
4 1287 1288 96138 96137 
4 1288 1289 96135 96134 
4 1289 1290 96132 96131 
4 1290 1291 96129 96128 
4 1291 1292 96126 96125 
4 1292 1293 96123 96122 
4 1293 1294 96120 96119 
4 1294 1295 96117 96116 
4 1295 1296 96114 96113 
4 1296 1297 96111 96110 
4 1297 1298 96108 96107 
4 1298 1299 96105 96104 
4 1299 1300 96102 96101 
4 1300 1301 96099 96098 
4 1301 1302 96096 96095 
4 1302 1303 96093 96092 
4 1303 1304 96090 96089 
4 1304 1305 96087 96086 
4 1305 1306 96084 96083 
4 1306 1307 96081 96080 
4 1307 1308 96078 96077 
4 1308 1309 96075 96074 
4 1309 1310 96072 96071 
4 1310 1311 96069 96068 
4 1311 1312 96066 96065 
4 1312 1313 96063 96062 
4 1313 1314 96060 96059 
4 1314 1315 96057 96056 
4 1315 1316 96054 96053 
4 1316 1317 96051 96050 
4 1317 1318 96048 96047 
4 1318 1319 96045 96044 
4 1319 1320 96042 96041 
4 1320 1321 96039 96038 
4 1321 1322 96036 96035 
4 1322 1323 96033 96032 
4 1323 1324 96030 96029 
4 1324 1325 96027 96026 
4 1325 1326 96024 96023 
4 1326 1327 96021 96020 
4 1327 1328 96018 96017 
4 1328 1329 96015 96014 
4 1329 1330 96012 96011 
4 1330 1331 96009 96008 
4 1331 1332 96006 96005 
4 1332 1333 96003 96002 
4 1333 1334 96000 95999 
4 1334 1335 95997 95996 
4 1335 1336 95994 95993 
4 1336 1337 95991 95990 
4 1337 1338 95988 95987 
4 1338 1339 95985 95984 
4 1339 1340 95982 95981 
4 1340 1341 95979 95978 
4 1341 1342 95976 95975 
4 1342 1343 95973 95972 
4 1343 1344 95970 95969 
4 1344 1345 95967 95966 
4 1345 1346 95964 95963 
4 1346 1347 95961 95960 
4 1347 1348 95958 95957 
4 1348 1349 95955 95954 
4 1349 1350 95952 95951 
4 1350 1351 95949 95948 
4 1351 1352 95946 95945 
4 1352 1353 95943 95942 
4 1353 1354 95940 95939 
4 1354 1355 95937 95936 
4 1355 1356 95934 95933 
4 1356 1357 95931 95930 
4 1357 1358 95928 95927 
4 1358 1359 95925 95924 
4 1359 1360 95922 95921 
4 1360 1361 95919 95918 
4 1361 1362 95916 95915 
4 1362 1363 95913 95912 
4 1363 1364 95910 95909 
4 1364 1365 95907 95906 
4 1365 1366 95904 95903 
4 1366 1367 95901 95900 
4 1367 1368 95898 95897 
4 1368 1369 95895 95894 
4 1369 1370 95892 95891 
4 1370 1371 95889 95888 
4 1371 1372 95886 95885 
4 1372 1373 95883 95882 
4 1373 1374 95880 95879 
4 1374 1375 95877 95876 
4 1375 1376 95874 95873 
4 1376 1377 95871 95870 
4 1377 1378 95868 95867 
4 1378 1379 95865 95864 
4 1379 1380 95862 95861 
4 1380 1381 95859 95858 
4 1381 1382 95856 95855 
4 1382 1383 95853 95852 
4 1383 1384 95850 95849 
4 1384 1385 95847 95846 
4 1385 1386 95844 95843 
4 1386 1387 95841 95840 
4 1387 1388 95838 95837 
4 1388 1389 95835 95834 
4 1389 1390 95832 95831 
4 1390 1391 95829 95828 
4 1391 1392 95826 95825 
4 1392 1393 95823 95822 
4 1393 1394 95820 95819 
4 1394 1395 95817 95816 
4 1395 1396 95814 95813 
4 1396 1397 95811 95810 
4 1397 1398 95808 95807 
4 1398 1399 95805 95804 
4 1399 1400 95802 95801 
4 1400 1401 95799 95798 
4 1401 1402 95796 95795 
4 1402 1403 95793 95792 
4 1403 1404 95790 95789 
4 1404 1405 95787 95786 
4 1405 1406 95784 95783 
4 1406 1407 95781 95780 
4 1407 1408 95778 95777 
4 1408 1409 95775 95774 
4 1409 1410 95772 95771 
4 1410 1411 95769 95768 
4 1411 1412 95766 95765 
4 1412 1413 95763 95762 
4 1413 1414 95760 95759 
4 1414 1415 95757 95756 
4 1415 1416 95754 95753 
4 1416 1417 95751 95750 
4 1417 1418 95748 95747 
4 1418 1419 95745 95744 
4 1419 1420 95742 95741 
4 1420 1421 95739 95738 
4 1421 1422 95736 95735 
4 1422 1423 95733 95732 
4 1423 1424 95730 95729 
4 1424 1425 95727 95726 
4 1425 1426 95724 95723 
4 1426 1427 95721 95720 
4 1427 1428 95718 95717 
4 1428 1429 95715 95714 
4 1429 1430 95712 95711 
4 1430 1431 95709 95708 
4 1431 1432 95706 95705 
4 1432 1433 95703 95702 
4 1433 1434 95700 95699 
4 1434 1435 95697 95696 
4 1435 1436 95694 95693 
4 1436 1437 95691 95690 
4 1437 1438 95688 95687 
4 1438 1439 95685 95684 
4 1439 1440 95682 95681 
4 1440 1441 95679 95678 
4 1441 1442 95676 95675 
4 1442 1443 95673 95672 
4 1443 1444 95670 95669 
4 1444 1445 95667 95666 
4 1445 1446 95664 95663 
4 1446 1447 95661 95660 
4 1447 1448 95658 95657 
4 1448 1449 95655 95654 
4 1449 1450 95652 95651 
4 1450 1451 95649 95648 
4 1451 1452 95646 95645 
4 1452 1453 95643 95642 
4 1453 1454 95640 95639 
4 1454 1455 95637 95636 
4 1455 1456 95634 95633 
4 1456 1457 95631 95630 
4 1457 1458 95628 95627 
4 1458 1459 95625 95624 
4 1459 1460 95622 95621 
4 1460 1461 95619 95618 
4 1461 1462 95616 95615 
4 1462 1463 95613 95612 
4 1463 1464 95610 95609 
4 1464 1465 95607 95606 
4 1465 1466 95604 95603 
4 1466 1467 95601 95600 
4 1467 1468 95598 95597 
4 1468 1469 95595 95594 
4 1469 1470 95592 95591 
4 1470 1471 95589 95588 
4 1471 1472 95586 95585 
4 1472 1473 95583 95582 
4 1473 1474 95580 95579 
4 1474 1475 95577 95576 
4 1475 1476 95574 95573 
4 1476 1477 95571 95570 
4 1477 1478 95568 95567 
4 1478 1479 95565 95564 
4 1479 1480 95562 95561 
4 1480 1481 95559 95558 
4 1481 1482 95556 95555 
4 1482 1483 95553 95552 
4 1483 1484 95550 95549 
4 1484 1485 95547 95546 
4 1485 1486 95544 95543 
4 1486 1487 95541 95540 
4 1487 1488 95538 95537 
4 1488 1489 95535 95534 
4 1489 1490 95532 95531 
4 1490 1491 95529 95528 
4 1491 1492 95526 95525 
4 1492 1493 95523 95522 
4 1493 1494 95520 95519 
4 1494 1495 95517 95516 
4 1495 1496 95514 95513 
4 1496 1497 95511 95510 
4 1497 1498 95508 95507 
4 1498 1499 95505 95504 
4 1499 1500 95502 95501 
4 1500 1501 95499 95498 
4 1501 1502 95496 95495 
4 1502 1503 95493 95492 
4 1503 1504 95490 95489 
4 1504 1505 95487 95486 
4 1505 1506 95484 95483 
4 1506 1507 95481 95480 
4 1507 1508 95478 95477 
4 1508 1509 95475 95474 
4 1509 1510 95472 95471 
4 1510 1511 95469 95468 
4 1511 1512 95466 95465 
4 1512 1513 95463 95462 
4 1513 1514 95460 95459 
4 1514 1515 95457 95456 
4 1515 1516 95454 95453 
4 1516 1517 95451 95450 
4 1517 1518 95448 95447 
4 1518 1519 95445 95444 
4 1519 1520 95442 95441 
4 1520 1521 95439 95438 
4 1521 1522 95436 95435 
4 1522 1523 95433 95432 
4 1523 1524 95430 95429 
4 1524 1525 95427 95426 
4 1525 1526 95424 95423 
4 1526 1527 95421 95420 
4 1527 1528 95418 95417 
4 1528 1529 95415 95414 
4 1529 1530 95412 95411 
4 1530 1531 95409 95408 
4 1531 1532 95406 95405 
4 1532 1533 95403 95402 
4 1533 1534 95400 95399 
4 1534 1535 95397 95396 
4 1535 1536 95394 95393 
4 1536 1537 95391 95390 
4 1537 1538 95388 95387 
4 1538 1539 95385 95384 
4 1539 1540 95382 95381 
4 1540 1541 95379 95378 
4 1541 1542 95376 95375 
4 1542 1543 95373 95372 
4 1543 1544 95370 95369 
4 1544 1545 95367 95366 
4 1545 1546 95364 95363 
4 1546 1547 95361 95360 
4 1547 1548 95358 95357 
4 1548 1549 95355 95354 
4 1549 1550 95352 95351 
4 1550 1551 95349 95348 
4 1551 1552 95346 95345 
4 1552 1553 95343 95342 
4 1553 1554 95340 95339 
4 1554 1555 95337 95336 
4 1555 1556 95334 95333 
4 1556 1557 95331 95330 
4 1557 1558 95328 95327 
4 1558 1559 95325 95324 
4 1559 1560 95322 95321 
4 1560 1561 95319 95318 
4 1561 1562 95316 95315 
4 1562 1563 95313 95312 
4 1563 1564 95310 95309 
4 1564 1565 95307 95306 
4 1565 1566 95304 95303 
4 1566 1567 95301 95300 
4 1567 1568 95298 95297 
4 1568 1569 95295 95294 
4 1569 1570 95292 95291 
4 1570 1571 95289 95288 
4 1571 1572 95286 95285 
4 1572 1573 95283 95282 
4 1573 1574 95280 95279 
4 1574 1575 95277 95276 
4 1575 1576 95274 95273 
4 1576 1577 95271 95270 
4 1577 1578 95268 95267 
4 1578 1579 95265 95264 
4 1579 1580 95262 95261 
4 1580 1581 95259 95258 
4 1581 1582 95256 95255 
4 1582 1583 95253 95252 
4 1583 1584 95250 95249 
4 1584 1585 95247 95246 
4 1585 1586 95244 95243 
4 1586 1587 95241 95240 
4 1587 1588 95238 95237 
4 1588 1589 95235 95234 
4 1589 1590 95232 95231 
4 1590 1591 95229 95228 
4 1591 1592 95226 95225 
4 1592 1593 95223 95222 
4 1593 1594 95220 95219 
4 1594 1595 95217 95216 
4 1595 1596 95214 95213 
4 1596 1597 95211 95210 
4 1597 1598 95208 95207 
4 1598 1599 95205 95204 
4 1599 1600 95202 95201 
4 1600 1601 95199 95198 
4 1601 1602 95196 95195 
4 1602 1603 95193 95192 
4 1603 1604 95190 95189 
4 1604 1605 95187 95186 
4 1605 1606 95184 95183 
4 1606 1607 95181 95180 
4 1607 1608 95178 95177 
4 1608 1609 95175 95174 
4 1609 1610 95172 95171 
4 1610 1611 95169 95168 
4 1611 1612 95166 95165 
4 1612 1613 95163 95162 
4 1613 1614 95160 95159 
4 1614 1615 95157 95156 
4 1615 1616 95154 95153 
4 1616 1617 95151 95150 
4 1617 1618 95148 95147 
4 1618 1619 95145 95144 
4 1619 1620 95142 95141 
4 1620 1621 95139 95138 
4 1621 1622 95136 95135 
4 1622 1623 95133 95132 
4 1623 1624 95130 95129 
4 1624 1625 95127 95126 
4 1625 1626 95124 95123 
4 1626 1627 95121 95120 
4 1627 1628 95118 95117 
4 1628 1629 95115 95114 
4 1629 1630 95112 95111 
4 1630 1631 95109 95108 
4 1631 1632 95106 95105 
4 1632 1633 95103 95102 
4 1633 1634 95100 95099 
4 1634 1635 95097 95096 
4 1635 1636 95094 95093 
4 1636 1637 95091 95090 
4 1637 1638 95088 95087 
4 1638 1639 95085 95084 
4 1639 1640 95082 95081 
4 1640 1641 95079 95078 
4 1641 1642 95076 95075 
4 1642 1643 95073 95072 
4 1643 1644 95070 95069 
4 1644 1645 95067 95066 
4 1645 1646 95064 95063 
4 1646 1647 95061 95060 
4 1647 1648 95058 95057 
4 1648 1649 95055 95054 
4 1649 1650 95052 95051 
4 1650 1651 95049 95048 
4 1651 1652 95046 95045 
4 1652 1653 95043 95042 
4 1653 1654 95040 95039 
4 1654 1655 95037 95036 
4 1655 1656 95034 95033 
4 1656 1657 95031 95030 
4 1657 1658 95028 95027 
4 1658 1659 95025 95024 
4 1659 1660 95022 95021 
4 1660 1661 95019 95018 
4 1661 1662 95016 95015 
4 1662 1663 95013 95012 
4 1663 1664 95010 95009 
4 1664 1665 95007 95006 
4 1665 1666 95004 95003 
4 1666 1667 95001 95000 
4 1667 1668 94998 94997 
4 1668 1669 94995 94994 
4 1669 1670 94992 94991 
4 1670 1671 94989 94988 
4 1671 1672 94986 94985 
4 1672 1673 94983 94982 
4 1673 1674 94980 94979 
4 1674 1675 94977 94976 
4 1675 1676 94974 94973 
4 1676 1677 94971 94970 
4 1677 1678 94968 94967 
4 1678 1679 94965 94964 
4 1679 1680 94962 94961 
4 1680 1681 94959 94958 
4 1681 1682 94956 94955 
4 1682 1683 94953 94952 
4 1683 1684 94950 94949 
4 1684 1685 94947 94946 
4 1685 1686 94944 94943 
4 1686 1687 94941 94940 
4 1687 1688 94938 94937 
4 1688 1689 94935 94934 
4 1689 1690 94932 94931 
4 1690 1691 94929 94928 
4 1691 1692 94926 94925 
4 1692 1693 94923 94922 
4 1693 1694 94920 94919 
4 1694 1695 94917 94916 
4 1695 1696 94914 94913 
4 1696 1697 94911 94910 
4 1697 1698 94908 94907 
4 1698 1699 94905 94904 
4 1699 1700 94902 94901 
4 1700 1701 94899 94898 
4 1701 1702 94896 94895 
4 1702 1703 94893 94892 
4 1703 1704 94890 94889 
4 1704 1705 94887 94886 
4 1705 1706 94884 94883 
4 1706 1707 94881 94880 
4 1707 1708 94878 94877 
4 1708 1709 94875 94874 
4 1709 1710 94872 94871 
4 1710 1711 94869 94868 
4 1711 1712 94866 94865 
4 1712 1713 94863 94862 
4 1713 1714 94860 94859 
4 1714 1715 94857 94856 
4 1715 1716 94854 94853 
4 1716 1717 94851 94850 
4 1717 1718 94848 94847 
4 1718 1719 94845 94844 
4 1719 1720 94842 94841 
4 1720 1721 94839 94838 
4 1721 1722 94836 94835 
4 1722 1723 94833 94832 
4 1723 1724 94830 94829 
4 1724 1725 94827 94826 
4 1725 1726 94824 94823 
4 1726 1727 94821 94820 
4 1727 1728 94818 94817 
4 1728 1729 94815 94814 
4 1729 1730 94812 94811 
4 1730 1731 94809 94808 
4 1731 1732 94806 94805 
4 1732 1733 94803 94802 
4 1733 1734 94800 94799 
4 1734 1735 94797 94796 
4 1735 1736 94794 94793 
4 1736 1737 94791 94790 
4 1737 1738 94788 94787 
4 1738 1739 94785 94784 
4 1739 1740 94782 94781 
4 1740 1741 94779 94778 
4 1741 1742 94776 94775 
4 1742 1743 94773 94772 
4 1743 1744 94770 94769 
4 1744 1745 94767 94766 
4 1745 1746 94764 94763 
4 1746 1747 94761 94760 
4 1747 1748 94758 94757 
4 1748 1749 94755 94754 
4 1749 1750 94752 94751 
4 1750 1751 94749 94748 
4 1751 1752 94746 94745 
4 1752 1753 94743 94742 
4 1753 1754 94740 94739 
4 1754 1755 94737 94736 
4 1755 1756 94734 94733 
4 1756 1757 94731 94730 
4 1757 1758 94728 94727 
4 1758 1759 94725 94724 
4 1759 1760 94722 94721 
4 1760 1761 94719 94718 
4 1761 1762 94716 94715 
4 1762 1763 94713 94712 
4 1763 1764 94710 94709 
4 1764 1765 94707 94706 
4 1765 1766 94704 94703 
4 1766 1767 94701 94700 
4 1767 1768 94698 94697 
4 1768 1769 94695 94694 
4 1769 1770 94692 94691 
4 1770 1771 94689 94688 
4 1771 1772 94686 94685 
4 1772 1773 94683 94682 
4 1773 1774 94680 94679 
4 1774 1775 94677 94676 
4 1775 1776 94674 94673 
4 1776 1777 94671 94670 
4 1777 1778 94668 94667 
4 1778 1779 94665 94664 
4 1779 1780 94662 94661 
4 1780 1781 94659 94658 
4 1781 1782 94656 94655 
4 1782 1783 94653 94652 
4 1783 1784 94650 94649 
4 1784 1785 94647 94646 
4 1785 1786 94644 94643 
4 1786 1787 94641 94640 
4 1787 1788 94638 94637 
4 1788 1789 94635 94634 
4 1789 1790 94632 94631 
4 1790 1791 94629 94628 
4 1791 1792 94626 94625 
4 1792 1793 94623 94622 
4 1793 1794 94620 94619 
4 1794 1795 94617 94616 
4 1795 1796 94614 94613 
4 1796 1797 94611 94610 
4 1797 1798 94608 94607 
4 1798 1799 94605 94604 
4 1799 1800 94602 94601 
4 1800 1801 94599 94598 
4 1801 1802 94596 94595 
4 1802 1803 94593 94592 
4 1803 1804 94590 94589 
4 1804 1805 94587 94586 
4 1805 1806 94584 94583 
4 1806 1807 94581 94580 
4 1807 1808 94578 94577 
4 1808 1809 94575 94574 
4 1809 1810 94572 94571 
4 1810 1811 94569 94568 
4 1811 1812 94566 94565 
4 1812 1813 94563 94562 
4 1813 1814 94560 94559 
4 1814 1815 94557 94556 
4 1815 1816 94554 94553 
4 1816 1817 94551 94550 
4 1817 1818 94548 94547 
4 1818 1819 94545 94544 
4 1819 1820 94542 94541 
4 1820 1821 94539 94538 
4 1821 1822 94536 94535 
4 1822 1823 94533 94532 
4 1823 1824 94530 94529 
4 1824 1825 94527 94526 
4 1825 1826 94524 94523 
4 1826 1827 94521 94520 
4 1827 1828 94518 94517 
4 1828 1829 94515 94514 
4 1829 1830 94512 94511 
4 1830 1831 94509 94508 
4 1831 1832 94506 94505 
4 1832 1833 94503 94502 
4 1833 1834 94500 94499 
4 1834 1835 94497 94496 
4 1835 1836 94494 94493 
4 1836 1837 94491 94490 
4 1837 1838 94488 94487 
4 1838 1839 94485 94484 
4 1839 1840 94482 94481 
4 1840 1841 94479 94478 
4 1841 1842 94476 94475 
4 1842 1843 94473 94472 
4 1843 1844 94470 94469 
4 1844 1845 94467 94466 
4 1845 1846 94464 94463 
4 1846 1847 94461 94460 
4 1847 1848 94458 94457 
4 1848 1849 94455 94454 
4 1849 1850 94452 94451 
4 1850 1851 94449 94448 
4 1851 1852 94446 94445 
4 1852 1853 94443 94442 
4 1853 1854 94440 94439 
4 1854 1855 94437 94436 
4 1855 1856 94434 94433 
4 1856 1857 94431 94430 
4 1857 1858 94428 94427 
4 1858 1859 94425 94424 
4 1859 1860 94422 94421 
4 1860 1861 94419 94418 
4 1861 1862 94416 94415 
4 1862 1863 94413 94412 
4 1863 1864 94410 94409 
4 1864 1865 94407 94406 
4 1865 1866 94404 94403 
4 1866 1867 94401 94400 
4 1867 1868 94398 94397 
4 1868 1869 94395 94394 
4 1869 1870 94392 94391 
4 1870 1871 94389 94388 
4 1871 1872 94386 94385 
4 1872 1873 94383 94382 
4 1873 1874 94380 94379 
4 1874 1875 94377 94376 
4 1875 1876 94374 94373 
4 1876 1877 94371 94370 
4 1877 1878 94368 94367 
4 1878 1879 94365 94364 
4 1879 1880 94362 94361 
4 1880 1881 94359 94358 
4 1881 1882 94356 94355 
4 1882 1883 94353 94352 
4 1883 1884 94350 94349 
4 1884 1885 94347 94346 
4 1885 1886 94344 94343 
4 1886 1887 94341 94340 
4 1887 1888 94338 94337 
4 1888 1889 94335 94334 
4 1889 1890 94332 94331 
4 1890 1891 94329 94328 
4 1891 1892 94326 94325 
4 1892 1893 94323 94322 
4 1893 1894 94320 94319 
4 1894 1895 94317 94316 
4 1895 1896 94314 94313 
4 1896 1897 94311 94310 
4 1897 1898 94308 94307 
4 1898 1899 94305 94304 
4 1899 1900 94302 94301 
4 1900 1901 94299 94298 
4 1901 1902 94296 94295 
4 1902 1903 94293 94292 
4 1903 1904 94290 94289 
4 1904 1905 94287 94286 
4 1905 1906 94284 94283 
4 1906 1907 94281 94280 
4 1907 1908 94278 94277 
4 1908 1909 94275 94274 
4 1909 1910 94272 94271 
4 1910 1911 94269 94268 
4 1911 1912 94266 94265 
4 1912 1913 94263 94262 
4 1913 1914 94260 94259 
4 1914 1915 94257 94256 
4 1915 1916 94254 94253 
4 1916 1917 94251 94250 
4 1917 1918 94248 94247 
4 1918 1919 94245 94244 
4 1919 1920 94242 94241 
4 1920 1921 94239 94238 
4 1921 1922 94236 94235 
4 1922 1923 94233 94232 
4 1923 1924 94230 94229 
4 1924 1925 94227 94226 
4 1925 1926 94224 94223 
4 1926 1927 94221 94220 
4 1927 1928 94218 94217 
4 1928 1929 94215 94214 
4 1929 1930 94212 94211 
4 1930 1931 94209 94208 
4 1931 1932 94206 94205 
4 1932 1933 94203 94202 
4 1933 1934 94200 94199 
4 1934 1935 94197 94196 
4 1935 1936 94194 94193 
4 1936 1937 94191 94190 
4 1937 1938 94188 94187 
4 1938 1939 94185 94184 
4 1939 1940 94182 94181 
4 1940 1941 94179 94178 
4 1941 1942 94176 94175 
4 1942 1943 94173 94172 
4 1943 1944 94170 94169 
4 1944 1945 94167 94166 
4 1945 1946 94164 94163 
4 1946 1947 94161 94160 
4 1947 1948 94158 94157 
4 1948 1949 94155 94154 
4 1949 1950 94152 94151 
4 1950 1951 94149 94148 
4 1951 1952 94146 94145 
4 1952 1953 94143 94142 
4 1953 1954 94140 94139 
4 1954 1955 94137 94136 
4 1955 1956 94134 94133 
4 1956 1957 94131 94130 
4 1957 1958 94128 94127 
4 1958 1959 94125 94124 
4 1959 1960 94122 94121 
4 1960 1961 94119 94118 
4 1961 1962 94116 94115 
4 1962 1963 94113 94112 
4 1963 1964 94110 94109 
4 1964 1965 94107 94106 
4 1965 1966 94104 94103 
4 1966 1967 94101 94100 
4 1967 1968 94098 94097 
4 1968 1969 94095 94094 
4 1969 1970 94092 94091 
4 1970 1971 94089 94088 
4 1971 1972 94086 94085 
4 1972 1973 94083 94082 
4 1973 1974 94080 94079 
4 1974 1975 94077 94076 
4 1975 1976 94074 94073 
4 1976 1977 94071 94070 
4 1977 1978 94068 94067 
4 1978 1979 94065 94064 
4 1979 1980 94062 94061 
4 1980 1981 94059 94058 
4 1981 1982 94056 94055 
4 1982 1983 94053 94052 
4 1983 1984 94050 94049 
4 1984 1985 94047 94046 
4 1985 1986 94044 94043 
4 1986 1987 94041 94040 
4 1987 1988 94038 94037 
4 1988 1989 94035 94034 
4 1989 1990 94032 94031 
4 1990 1991 94029 94028 
4 1991 1992 94026 94025 
4 1992 1993 94023 94022 
4 1993 1994 94020 94019 
4 1994 1995 94017 94016 
4 1995 1996 94014 94013 
4 1996 1997 94011 94010 
4 1997 1998 94008 94007 
4 1998 1999 94005 94004 
4 1999 2000 94002 94001 
4 2000 2001 93999 93998 
4 2001 2002 93996 93995 
4 2002 2003 93993 93992 
4 2003 2004 93990 93989 
4 2004 2005 93987 93986 
4 2005 2006 93984 93983 
4 2006 2007 93981 93980 
4 2007 2008 93978 93977 
4 2008 2009 93975 93974 
4 2009 2010 93972 93971 
4 2010 2011 93969 93968 
4 2011 2012 93966 93965 
4 2012 2013 93963 93962 
4 2013 2014 93960 93959 
4 2014 2015 93957 93956 
4 2015 2016 93954 93953 
4 2016 2017 93951 93950 
4 2017 2018 93948 93947 
4 2018 2019 93945 93944 
4 2019 2020 93942 93941 
4 2020 2021 93939 93938 
4 2021 2022 93936 93935 
4 2022 2023 93933 93932 
4 2023 2024 93930 93929 
4 2024 2025 93927 93926 
4 2025 2026 93924 93923 
4 2026 2027 93921 93920 
4 2027 2028 93918 93917 
4 2028 2029 93915 93914 
4 2029 2030 93912 93911 
4 2030 2031 93909 93908 
4 2031 2032 93906 93905 
4 2032 2033 93903 93902 
4 2033 2034 93900 93899 
4 2034 2035 93897 93896 
4 2035 2036 93894 93893 
4 2036 2037 93891 93890 
4 2037 2038 93888 93887 
4 2038 2039 93885 93884 
4 2039 2040 93882 93881 
4 2040 2041 93879 93878 
4 2041 2042 93876 93875 
4 2042 2043 93873 93872 
4 2043 2044 93870 93869 
4 2044 2045 93867 93866 
4 2045 2046 93864 93863 
4 2046 2047 93861 93860 
4 2047 2048 93858 93857 
4 2048 2049 93855 93854 
4 2049 2050 93852 93851 
4 2050 2051 93849 93848 
4 2051 2052 93846 93845 
4 2052 2053 93843 93842 
4 2053 2054 93840 93839 
4 2054 2055 93837 93836 
4 2055 2056 93834 93833 
4 2056 2057 93831 93830 
4 2057 2058 93828 93827 
4 2058 2059 93825 93824 
4 2059 2060 93822 93821 
4 2060 2061 93819 93818 
4 2061 2062 93816 93815 
4 2062 2063 93813 93812 
4 2063 2064 93810 93809 
4 2064 2065 93807 93806 
4 2065 2066 93804 93803 
4 2066 2067 93801 93800 
4 2067 2068 93798 93797 
4 2068 2069 93795 93794 
4 2069 2070 93792 93791 
4 2070 2071 93789 93788 
4 2071 2072 93786 93785 
4 2072 2073 93783 93782 
4 2073 2074 93780 93779 
4 2074 2075 93777 93776 
4 2075 2076 93774 93773 
4 2076 2077 93771 93770 
4 2077 2078 93768 93767 
4 2078 2079 93765 93764 
4 2079 2080 93762 93761 
4 2080 2081 93759 93758 
4 2081 2082 93756 93755 
4 2082 2083 93753 93752 
4 2083 2084 93750 93749 
4 2084 2085 93747 93746 
4 2085 2086 93744 93743 
4 2086 2087 93741 93740 
4 2087 2088 93738 93737 
4 2088 2089 93735 93734 
4 2089 2090 93732 93731 
4 2090 2091 93729 93728 
4 2091 2092 93726 93725 
4 2092 2093 93723 93722 
4 2093 2094 93720 93719 
4 2094 2095 93717 93716 
4 2095 2096 93714 93713 
4 2096 2097 93711 93710 
4 2097 2098 93708 93707 
4 2098 2099 93705 93704 
4 2099 2100 93702 93701 
4 2100 2101 93699 93698 
4 2101 2102 93696 93695 
4 2102 2103 93693 93692 
4 2103 2104 93690 93689 
4 2104 2105 93687 93686 
4 2105 2106 93684 93683 
4 2106 2107 93681 93680 
4 2107 2108 93678 93677 
4 2108 2109 93675 93674 
4 2109 2110 93672 93671 
4 2110 2111 93669 93668 
4 2111 2112 93666 93665 
4 2112 2113 93663 93662 
4 2113 2114 93660 93659 
4 2114 2115 93657 93656 
4 2115 2116 93654 93653 
4 2116 2117 93651 93650 
4 2117 2118 93648 93647 
4 2118 2119 93645 93644 
4 2119 2120 93642 93641 
4 2120 2121 93639 93638 
4 2121 2122 93636 93635 
4 2122 2123 93633 93632 
4 2123 2124 93630 93629 
4 2124 2125 93627 93626 
4 2125 2126 93624 93623 
4 2126 2127 93621 93620 
4 2127 2128 93618 93617 
4 2128 2129 93615 93614 
4 2129 2130 93612 93611 
4 2130 2131 93609 93608 
4 2131 2132 93606 93605 
4 2132 2133 93603 93602 
4 2133 2134 93600 93599 
4 2134 2135 93597 93596 
4 2135 2136 93594 93593 
4 2136 2137 93591 93590 
4 2137 2138 93588 93587 
4 2138 2139 93585 93584 
4 2139 2140 93582 93581 
4 2140 2141 93579 93578 
4 2141 2142 93576 93575 
4 2142 2143 93573 93572 
4 2143 2144 93570 93569 
4 2144 2145 93567 93566 
4 2145 2146 93564 93563 
4 2146 2147 93561 93560 
4 2147 2148 93558 93557 
4 2148 2149 93555 93554 
4 2149 2150 93552 93551 
4 2150 2151 93549 93548 
4 2151 2152 93546 93545 
4 2152 2153 93543 93542 
4 2153 2154 93540 93539 
4 2154 2155 93537 93536 
4 2155 2156 93534 93533 
4 2156 2157 93531 93530 
4 2157 2158 93528 93527 
4 2158 2159 93525 93524 
4 2159 2160 93522 93521 
4 2160 2161 93519 93518 
4 2161 2162 93516 93515 
4 2162 2163 93513 93512 
4 2163 2164 93510 93509 
4 2164 2165 93507 93506 
4 2165 2166 93504 93503 
4 2166 2167 93501 93500 
4 2167 2168 93498 93497 
4 2168 2169 93495 93494 
4 2169 2170 93492 93491 
4 2170 2171 93489 93488 
4 2171 2172 93486 93485 
4 2172 2173 93483 93482 
4 2173 2174 93480 93479 
4 2174 2175 93477 93476 
4 2175 2176 93474 93473 
4 2176 2177 93471 93470 
4 2177 2178 93468 93467 
4 2178 2179 93465 93464 
4 2179 2180 93462 93461 
4 2180 2181 93459 93458 
4 2181 2182 93456 93455 
4 2182 2183 93453 93452 
4 2183 2184 93450 93449 
4 2184 2185 93447 93446 
4 2185 2186 93444 93443 
4 2186 2187 93441 93440 
4 2187 2188 93438 93437 
4 2188 2189 93435 93434 
4 2189 2190 93432 93431 
4 2190 2191 93429 93428 
4 2191 2192 93426 93425 
4 2192 2193 93423 93422 
4 2193 2194 93420 93419 
4 2194 2195 93417 93416 
4 2195 2196 93414 93413 
4 2196 2197 93411 93410 
4 2197 2198 93408 93407 
4 2198 2199 93405 93404 
4 2199 2200 93402 93401 
4 2200 2201 93399 93398 
4 2201 2202 93396 93395 
4 2202 2203 93393 93392 
4 2203 2204 93390 93389 
4 2204 2205 93387 93386 
4 2205 2206 93384 93383 
4 2206 2207 93381 93380 
4 2207 2208 93378 93377 
4 2208 2209 93375 93374 
4 2209 2210 93372 93371 
4 2210 2211 93369 93368 
4 2211 2212 93366 93365 
4 2212 2213 93363 93362 
4 2213 2214 93360 93359 
4 2214 2215 93357 93356 
4 2215 2216 93354 93353 
4 2216 2217 93351 93350 
4 2217 2218 93348 93347 
4 2218 2219 93345 93344 
4 2219 2220 93342 93341 
4 2220 2221 93339 93338 
4 2221 2222 93336 93335 
4 2222 2223 93333 93332 
4 2223 2224 93330 93329 
4 2224 2225 93327 93326 
4 2225 2226 93324 93323 
4 2226 2227 93321 93320 
4 2227 2228 93318 93317 
4 2228 2229 93315 93314 
4 2229 2230 93312 93311 
4 2230 2231 93309 93308 
4 2231 2232 93306 93305 
4 2232 2233 93303 93302 
4 2233 2234 93300 93299 
4 2234 2235 93297 93296 
4 2235 2236 93294 93293 
4 2236 2237 93291 93290 
4 2237 2238 93288 93287 
4 2238 2239 93285 93284 
4 2239 2240 93282 93281 
4 2240 2241 93279 93278 
4 2241 2242 93276 93275 
4 2242 2243 93273 93272 
4 2243 2244 93270 93269 
4 2244 2245 93267 93266 
4 2245 2246 93264 93263 
4 2246 2247 93261 93260 
4 2247 2248 93258 93257 
4 2248 2249 93255 93254 
4 2249 2250 93252 93251 
4 2250 2251 93249 93248 
4 2251 2252 93246 93245 
4 2252 2253 93243 93242 
4 2253 2254 93240 93239 
4 2254 2255 93237 93236 
4 2255 2256 93234 93233 
4 2256 2257 93231 93230 
4 2257 2258 93228 93227 
4 2258 2259 93225 93224 
4 2259 2260 93222 93221 
4 2260 2261 93219 93218 
4 2261 2262 93216 93215 
4 2262 2263 93213 93212 
4 2263 2264 93210 93209 
4 2264 2265 93207 93206 
4 2265 2266 93204 93203 
4 2266 2267 93201 93200 
4 2267 2268 93198 93197 
4 2268 2269 93195 93194 
4 2269 2270 93192 93191 
4 2270 2271 93189 93188 
4 2271 2272 93186 93185 
4 2272 2273 93183 93182 
4 2273 2274 93180 93179 
4 2274 2275 93177 93176 
4 2275 2276 93174 93173 
4 2276 2277 93171 93170 
4 2277 2278 93168 93167 
4 2278 2279 93165 93164 
4 2279 2280 93162 93161 
4 2280 2281 93159 93158 
4 2281 2282 93156 93155 
4 2282 2283 93153 93152 
4 2283 2284 93150 93149 
4 2284 2285 93147 93146 
4 2285 2286 93144 93143 
4 2286 2287 93141 93140 
4 2287 2288 93138 93137 
4 2288 2289 93135 93134 
4 2289 2290 93132 93131 
4 2290 2291 93129 93128 
4 2291 2292 93126 93125 
4 2292 2293 93123 93122 
4 2293 2294 93120 93119 
4 2294 2295 93117 93116 
4 2295 2296 93114 93113 
4 2296 2297 93111 93110 
4 2297 2298 93108 93107 
4 2298 2299 93105 93104 
4 2299 2300 93102 93101 
4 2300 2301 93099 93098 
4 2301 2302 93096 93095 
4 2302 2303 93093 93092 
4 2303 2304 93090 93089 
4 2304 2305 93087 93086 
4 2305 2306 93084 93083 
4 2306 2307 93081 93080 
4 2307 2308 93078 93077 
4 2308 2309 93075 93074 
4 2309 2310 93072 93071 
4 2310 2311 93069 93068 
4 2311 2312 93066 93065 
4 2312 2313 93063 93062 
4 2313 2314 93060 93059 
4 2314 2315 93057 93056 
4 2315 2316 93054 93053 
4 2316 2317 93051 93050 
4 2317 2318 93048 93047 
4 2318 2319 93045 93044 
4 2319 2320 93042 93041 
4 2320 2321 93039 93038 
4 2321 2322 93036 93035 
4 2322 2323 93033 93032 
4 2323 2324 93030 93029 
4 2324 2325 93027 93026 
4 2325 2326 93024 93023 
4 2326 2327 93021 93020 
4 2327 2328 93018 93017 
4 2328 2329 93015 93014 
4 2329 2330 93012 93011 
4 2330 2331 93009 93008 
4 2331 2332 93006 93005 
4 2332 2333 93003 93002 
4 2333 2334 93000 92999 
4 2334 2335 92997 92996 
4 2335 2336 92994 92993 
4 2336 2337 92991 92990 
4 2337 2338 92988 92987 
4 2338 2339 92985 92984 
4 2339 2340 92982 92981 
4 2340 2341 92979 92978 
4 2341 2342 92976 92975 
4 2342 2343 92973 92972 
4 2343 2344 92970 92969 
4 2344 2345 92967 92966 
4 2345 2346 92964 92963 
4 2346 2347 92961 92960 
4 2347 2348 92958 92957 
4 2348 2349 92955 92954 
4 2349 2350 92952 92951 
4 2350 2351 92949 92948 
4 2351 2352 92946 92945 
4 2352 2353 92943 92942 
4 2353 2354 92940 92939 
4 2354 2355 92937 92936 
4 2355 2356 92934 92933 
4 2356 2357 92931 92930 
4 2357 2358 92928 92927 
4 2358 2359 92925 92924 
4 2359 2360 92922 92921 
4 2360 2361 92919 92918 
4 2361 2362 92916 92915 
4 2362 2363 92913 92912 
4 2363 2364 92910 92909 
4 2364 2365 92907 92906 
4 2365 2366 92904 92903 
4 2366 2367 92901 92900 
4 2367 2368 92898 92897 
4 2368 2369 92895 92894 
4 2369 2370 92892 92891 
4 2370 2371 92889 92888 
4 2371 2372 92886 92885 
4 2372 2373 92883 92882 
4 2373 2374 92880 92879 
4 2374 2375 92877 92876 
4 2375 2376 92874 92873 
4 2376 2377 92871 92870 
4 2377 2378 92868 92867 
4 2378 2379 92865 92864 
4 2379 2380 92862 92861 
4 2380 2381 92859 92858 
4 2381 2382 92856 92855 
4 2382 2383 92853 92852 
4 2383 2384 92850 92849 
4 2384 2385 92847 92846 
4 2385 2386 92844 92843 
4 2386 2387 92841 92840 
4 2387 2388 92838 92837 
4 2388 2389 92835 92834 
4 2389 2390 92832 92831 
4 2390 2391 92829 92828 
4 2391 2392 92826 92825 
4 2392 2393 92823 92822 
4 2393 2394 92820 92819 
4 2394 2395 92817 92816 
4 2395 2396 92814 92813 
4 2396 2397 92811 92810 
4 2397 2398 92808 92807 
4 2398 2399 92805 92804 
4 2399 2400 92802 92801 
4 2400 2401 92799 92798 
4 2401 2402 92796 92795 
4 2402 2403 92793 92792 
4 2403 2404 92790 92789 
4 2404 2405 92787 92786 
4 2405 2406 92784 92783 
4 2406 2407 92781 92780 
4 2407 2408 92778 92777 
4 2408 2409 92775 92774 
4 2409 2410 92772 92771 
4 2410 2411 92769 92768 
4 2411 2412 92766 92765 
4 2412 2413 92763 92762 
4 2413 2414 92760 92759 
4 2414 2415 92757 92756 
4 2415 2416 92754 92753 
4 2416 2417 92751 92750 
4 2417 2418 92748 92747 
4 2418 2419 92745 92744 
4 2419 2420 92742 92741 
4 2420 2421 92739 92738 
4 2421 2422 92736 92735 
4 2422 2423 92733 92732 
4 2423 2424 92730 92729 
4 2424 2425 92727 92726 
4 2425 2426 92724 92723 
4 2426 2427 92721 92720 
4 2427 2428 92718 92717 
4 2428 2429 92715 92714 
4 2429 2430 92712 92711 
4 2430 2431 92709 92708 
4 2431 2432 92706 92705 
4 2432 2433 92703 92702 
4 2433 2434 92700 92699 
4 2434 2435 92697 92696 
4 2435 2436 92694 92693 
4 2436 2437 92691 92690 
4 2437 2438 92688 92687 
4 2438 2439 92685 92684 
4 2439 2440 92682 92681 
4 2440 2441 92679 92678 
4 2441 2442 92676 92675 
4 2442 2443 92673 92672 
4 2443 2444 92670 92669 
4 2444 2445 92667 92666 
4 2445 2446 92664 92663 
4 2446 2447 92661 92660 
4 2447 2448 92658 92657 
4 2448 2449 92655 92654 
4 2449 2450 92652 92651 
4 2450 2451 92649 92648 
4 2451 2452 92646 92645 
4 2452 2453 92643 92642 
4 2453 2454 92640 92639 
4 2454 2455 92637 92636 
4 2455 2456 92634 92633 
4 2456 2457 92631 92630 
4 2457 2458 92628 92627 
4 2458 2459 92625 92624 
4 2459 2460 92622 92621 
4 2460 2461 92619 92618 
4 2461 2462 92616 92615 
4 2462 2463 92613 92612 
4 2463 2464 92610 92609 
4 2464 2465 92607 92606 
4 2465 2466 92604 92603 
4 2466 2467 92601 92600 
4 2467 2468 92598 92597 
4 2468 2469 92595 92594 
4 2469 2470 92592 92591 
4 2470 2471 92589 92588 
4 2471 2472 92586 92585 
4 2472 2473 92583 92582 
4 2473 2474 92580 92579 
4 2474 2475 92577 92576 
4 2475 2476 92574 92573 
4 2476 2477 92571 92570 
4 2477 2478 92568 92567 
4 2478 2479 92565 92564 
4 2479 2480 92562 92561 
4 2480 2481 92559 92558 
4 2481 2482 92556 92555 
4 2482 2483 92553 92552 
4 2483 2484 92550 92549 
4 2484 2485 92547 92546 
4 2485 2486 92544 92543 
4 2486 2487 92541 92540 
4 2487 2488 92538 92537 
4 2488 2489 92535 92534 
4 2489 2490 92532 92531 
4 2490 2491 92529 92528 
4 2491 2492 92526 92525 
4 2492 2493 92523 92522 
4 2493 2494 92520 92519 
4 2494 2495 92517 92516 
4 2495 2496 92514 92513 
4 2496 2497 92511 92510 
4 2497 2498 92508 92507 
4 2498 2499 92505 92504 
4 2499 2500 92502 92501 
4 2500 2501 92499 92498 
4 2501 2502 92496 92495 
4 2502 2503 92493 92492 
4 2503 2504 92490 92489 
4 2504 2505 92487 92486 
4 2505 2506 92484 92483 
4 2506 2507 92481 92480 
4 2507 2508 92478 92477 
4 2508 2509 92475 92474 
4 2509 2510 92472 92471 
4 2510 2511 92469 92468 
4 2511 2512 92466 92465 
4 2512 2513 92463 92462 
4 2513 2514 92460 92459 
4 2514 2515 92457 92456 
4 2515 2516 92454 92453 
4 2516 2517 92451 92450 
4 2517 2518 92448 92447 
4 2518 2519 92445 92444 
4 2519 2520 92442 92441 
4 2520 2521 92439 92438 
4 2521 2522 92436 92435 
4 2522 2523 92433 92432 
4 2523 2524 92430 92429 
4 2524 2525 92427 92426 
4 2525 2526 92424 92423 
4 2526 2527 92421 92420 
4 2527 2528 92418 92417 
4 2528 2529 92415 92414 
4 2529 2530 92412 92411 
4 2530 2531 92409 92408 
4 2531 2532 92406 92405 
4 2532 2533 92403 92402 
4 2533 2534 92400 92399 
4 2534 2535 92397 92396 
4 2535 2536 92394 92393 
4 2536 2537 92391 92390 
4 2537 2538 92388 92387 
4 2538 2539 92385 92384 
4 2539 2540 92382 92381 
4 2540 2541 92379 92378 
4 2541 2542 92376 92375 
4 2542 2543 92373 92372 
4 2543 2544 92370 92369 
4 2544 2545 92367 92366 
4 2545 2546 92364 92363 
4 2546 2547 92361 92360 
4 2547 2548 92358 92357 
4 2548 2549 92355 92354 
4 2549 2550 92352 92351 
4 2550 2551 92349 92348 
4 2551 2552 92346 92345 
4 2552 2553 92343 92342 
4 2553 2554 92340 92339 
4 2554 2555 92337 92336 
4 2555 2556 92334 92333 
4 2556 2557 92331 92330 
4 2557 2558 92328 92327 
4 2558 2559 92325 92324 
4 2559 2560 92322 92321 
4 2560 2561 92319 92318 
4 2561 2562 92316 92315 
4 2562 2563 92313 92312 
4 2563 2564 92310 92309 
4 2564 2565 92307 92306 
4 2565 2566 92304 92303 
4 2566 2567 92301 92300 
4 2567 2568 92298 92297 
4 2568 2569 92295 92294 
4 2569 2570 92292 92291 
4 2570 2571 92289 92288 
4 2571 2572 92286 92285 
4 2572 2573 92283 92282 
4 2573 2574 92280 92279 
4 2574 2575 92277 92276 
4 2575 2576 92274 92273 
4 2576 2577 92271 92270 
4 2577 2578 92268 92267 
4 2578 2579 92265 92264 
4 2579 2580 92262 92261 
4 2580 2581 92259 92258 
4 2581 2582 92256 92255 
4 2582 2583 92253 92252 
4 2583 2584 92250 92249 
4 2584 2585 92247 92246 
4 2585 2586 92244 92243 
4 2586 2587 92241 92240 
4 2587 2588 92238 92237 
4 2588 2589 92235 92234 
4 2589 2590 92232 92231 
4 2590 2591 92229 92228 
4 2591 2592 92226 92225 
4 2592 2593 92223 92222 
4 2593 2594 92220 92219 
4 2594 2595 92217 92216 
4 2595 2596 92214 92213 
4 2596 2597 92211 92210 
4 2597 2598 92208 92207 
4 2598 2599 92205 92204 
4 2599 2600 92202 92201 
4 2600 2601 92199 92198 
4 2601 2602 92196 92195 
4 2602 2603 92193 92192 
4 2603 2604 92190 92189 
4 2604 2605 92187 92186 
4 2605 2606 92184 92183 
4 2606 2607 92181 92180 
4 2607 2608 92178 92177 
4 2608 2609 92175 92174 
4 2609 2610 92172 92171 
4 2610 2611 92169 92168 
4 2611 2612 92166 92165 
4 2612 2613 92163 92162 
4 2613 2614 92160 92159 
4 2614 2615 92157 92156 
4 2615 2616 92154 92153 
4 2616 2617 92151 92150 
4 2617 2618 92148 92147 
4 2618 2619 92145 92144 
4 2619 2620 92142 92141 
4 2620 2621 92139 92138 
4 2621 2622 92136 92135 
4 2622 2623 92133 92132 
4 2623 2624 92130 92129 
4 2624 2625 92127 92126 
4 2625 2626 92124 92123 
4 2626 2627 92121 92120 
4 2627 2628 92118 92117 
4 2628 2629 92115 92114 
4 2629 2630 92112 92111 
4 2630 2631 92109 92108 
4 2631 2632 92106 92105 
4 2632 2633 92103 92102 
4 2633 2634 92100 92099 
4 2634 2635 92097 92096 
4 2635 2636 92094 92093 
4 2636 2637 92091 92090 
4 2637 2638 92088 92087 
4 2638 2639 92085 92084 
4 2639 2640 92082 92081 
4 2640 2641 92079 92078 
4 2641 2642 92076 92075 
4 2642 2643 92073 92072 
4 2643 2644 92070 92069 
4 2644 2645 92067 92066 
4 2645 2646 92064 92063 
4 2646 2647 92061 92060 
4 2647 2648 92058 92057 
4 2648 2649 92055 92054 
4 2649 2650 92052 92051 
4 2650 2651 92049 92048 
4 2651 2652 92046 92045 
4 2652 2653 92043 92042 
4 2653 2654 92040 92039 
4 2654 2655 92037 92036 
4 2655 2656 92034 92033 
4 2656 2657 92031 92030 
4 2657 2658 92028 92027 
4 2658 2659 92025 92024 
4 2659 2660 92022 92021 
4 2660 2661 92019 92018 
4 2661 2662 92016 92015 
4 2662 2663 92013 92012 
4 2663 2664 92010 92009 
4 2664 2665 92007 92006 
4 2665 2666 92004 92003 
4 2666 2667 92001 92000 
4 2667 2668 91998 91997 
4 2668 2669 91995 91994 
4 2669 2670 91992 91991 
4 2670 2671 91989 91988 
4 2671 2672 91986 91985 
4 2672 2673 91983 91982 
4 2673 2674 91980 91979 
4 2674 2675 91977 91976 
4 2675 2676 91974 91973 
4 2676 2677 91971 91970 
4 2677 2678 91968 91967 
4 2678 2679 91965 91964 
4 2679 2680 91962 91961 
4 2680 2681 91959 91958 
4 2681 2682 91956 91955 
4 2682 2683 91953 91952 
4 2683 2684 91950 91949 
4 2684 2685 91947 91946 
4 2685 2686 91944 91943 
4 2686 2687 91941 91940 
4 2687 2688 91938 91937 
4 2688 2689 91935 91934 
4 2689 2690 91932 91931 
4 2690 2691 91929 91928 
4 2691 2692 91926 91925 
4 2692 2693 91923 91922 
4 2693 2694 91920 91919 
4 2694 2695 91917 91916 
4 2695 2696 91914 91913 
4 2696 2697 91911 91910 
4 2697 2698 91908 91907 
4 2698 2699 91905 91904 
4 2699 2700 91902 91901 
4 2700 2701 91899 91898 
4 2701 2702 91896 91895 
4 2702 2703 91893 91892 
4 2703 2704 91890 91889 
4 2704 2705 91887 91886 
4 2705 2706 91884 91883 
4 2706 2707 91881 91880 
4 2707 2708 91878 91877 
4 2708 2709 91875 91874 
4 2709 2710 91872 91871 
4 2710 2711 91869 91868 
4 2711 2712 91866 91865 
4 2712 2713 91863 91862 
4 2713 2714 91860 91859 
4 2714 2715 91857 91856 
4 2715 2716 91854 91853 
4 2716 2717 91851 91850 
4 2717 2718 91848 91847 
4 2718 2719 91845 91844 
4 2719 2720 91842 91841 
4 2720 2721 91839 91838 
4 2721 2722 91836 91835 
4 2722 2723 91833 91832 
4 2723 2724 91830 91829 
4 2724 2725 91827 91826 
4 2725 2726 91824 91823 
4 2726 2727 91821 91820 
4 2727 2728 91818 91817 
4 2728 2729 91815 91814 
4 2729 2730 91812 91811 
4 2730 2731 91809 91808 
4 2731 2732 91806 91805 
4 2732 2733 91803 91802 
4 2733 2734 91800 91799 
4 2734 2735 91797 91796 
4 2735 2736 91794 91793 
4 2736 2737 91791 91790 
4 2737 2738 91788 91787 
4 2738 2739 91785 91784 
4 2739 2740 91782 91781 
4 2740 2741 91779 91778 
4 2741 2742 91776 91775 
3 2742 2743 91773 
2 2743 91771 
